
123 -5.1958312357693135 0 0 0 0 5 1 0 0 0 0 0 0
124 -4.203691458725385 0 0 0 1 5 0 0 0 0 0 0 0
125 -5.468611399683315 0 0 0 1 2 2 0 0 0 1 0 0
126 -6.0775114295373465 0 0 0 0 5 0 0 0 0 1 0 0

128 -6.207077747624678 1 3 1 0 0 0 0 0 0 0 0 1

146 -3.3917261291190783 1 1 0 0 0 0 0 0 0 1 1 2
147 -5.405657322752776 0 0 0 0 0 0 0 0 1 1 2 2
148 -2.6574923062046385 0 1 0 0 0 0 0 0 2 2 1 0
149 -5.157346947566756 0 0 0 0 0 0 0 0 0 4 2 0
150 -4.981071715422505 0 0 0 0 0 0 0 0 0 3 3 0
151 -6.217375187642932 0 0 0 0 0 0 0 0 0 2 4 0

160 -6.228770789964678 0 0 0 2 4 0 0 0 0 0 0 0
161 -2.39024579759352 0 1 0 1 4 0 0 0 0 0 0 0
162 -4.74307453736888 0 0 0 0 5 1 0 0 0 0 0 0
163 -4.729813285510003 0 0 0 0 6 0 0 0 0 0 0 0
164 -5.455189218146888 0 0 0 0 6 0 0 0 0 0 0 0

166 -5.0121701926114 0 0 3 0 3 0 0 0 0 0 0 0
167 -4.978720301011959 0 6 0 0 0 0 0 0 0 0 0 0
168 -5.8572702313865666 0 4 2 0 0 0 0 0 0 0 0 0
169 -5.301086638052032 0 5 0 0 0 0 0 0 1 0 0 0
170 -6.210328252111461 1 5 0 0 0 0 0 0 0 0 0 0
172 -5.7492090183092195 0 6 0 0 0 0 0 0 0 0 0 0
173 -6.029617050900371 1 5 0 0 0 0 0 0 0 0 0 0

176 -5.829739654810501 1 4 0 0 0 0 0 0 0 0 0 1
177 -5.693380659081137 3 0 0 0 0 0 0 0 2 0 0 1
178 -5.667381850366912 1 2 0 0 0 0 0 0 1 2 0 0

179 -6.285974146089156 0 0 0 0 0 0 0 0 1 4 1 0
180 -6.189221684145325 0 0 0 0 0 0 0 0 2 1 2 1

190 -2.9824076888122404 0 2 0 0 0 0 2 0 0 0 2 0
191 -4.508306471943998 0 1 1 2 0 0 0 0 1 1 0 0