-9.518635  -9.01791   -9.394423  -9.337504  -9.010446 -11.004223
-9.062671  -8.644113  -9.034058  -9.375227  -9.412099 -11.611425
-7.8852935  -8.089228   -8.818809   -9.177899   -9.33052   -11.663419 
-7.938497  -7.386983  -8.36589   -8.80888   -9.697377 -13.137329
-7.772311   -7.5188637  -8.237974   -8.562118   -8.364995  -11.68297  
-7.851731   -7.3651867  -7.9099174  -8.353634   -8.796096  -11.220121 
-6.583466  -6.939431  -7.875943  -8.227626  -7.889292 -10.304113
-8.521442  -8.794657  -9.105532  -9.056434  -8.586398 -10.476283
-7.9315395  -8.129647   -8.71791    -8.6482525  -8.638403  -11.354713 
-9.08622   -8.475997  -8.67159   -8.654346  -8.733977 -11.193741
-7.7084374  -7.756836   -8.041591   -8.352722   -8.38733   -10.592532 
-7.9132543  -8.147147   -8.4317875  -8.396174   -8.445078  -10.694494 
-7.149382   -6.9311957  -7.55693    -7.6535077  -7.875921  -10.027824 
-7.1484876  -7.2219615  -8.131398   -8.482463   -8.430657  -10.965952 
-6.255789   -6.673008   -7.077026   -7.299542   -7.8197203 -10.754026 
-6.630373   -7.4288554  -8.670607   -8.858283   -8.813378  -11.091242 
-7.3996677  -7.6525626  -8.470382   -9.015304   -9.318426  -11.8552   
-7.514211  -7.291799  -7.3459363 -7.373663  -7.3158436 -9.51920
-8.091108  -8.0015745 -8.226464  -8.027715  -7.7971573 -9.87907
-7.646839  -7.935694  -8.222686  -8.301097  -8.272953 -10.783927
-7.7381477  -7.9521537  -8.657401   -9.011869   -8.962597  -10.990897 
-7.9376435  -7.1241894  -8.142333   -8.5644045  -8.898729  -11.541651 
-8.21649    -7.9522853  -7.9864745  -8.060909   -8.126654  -11.721275 
-7.5879283  -7.138897   -7.6977534  -8.246274   -8.533994  -11.154012 
-7.8404374  -7.72666    -8.537248   -8.397019   -8.43418   -10.8983345
-6.4326234 -6.6953206 -7.3841677 -7.5426483 -7.212229  -9.38457
-6.8676877  -7.3801217  -8.23836    -8.337704   -8.1475725 -10.330364 
-7.6762667  -7.326323   -7.8856416  -8.357932   -8.5822935 -10.671104 
-7.837917   -7.212875   -7.518485   -7.9951725  -8.147159  -11.152154 
-7.3528485  -7.8408875  -8.555555   -9.024796   -9.064089  -12.20537  
-7.3685184  -7.4657326  -8.186849   -8.375427   -8.2114315 -11.173735 
-7.9096985  -8.17921    -8.824367   -8.756946   -8.815886  -11.089555 
-7.987879   -7.5136485  -8.485196   -8.659592   -8.700933  -11.827648 
-8.112813  -8.35844   -8.757582  -8.815265  -8.729351 -11.566185
-6.0699697 -6.99579   -8.0422735 -8.217954  -7.843904  -9.71354
-7.0080767  -7.211216   -7.791574   -7.890163   -7.6459775 -10.079321 
-7.146766  -7.142048  -7.8645916 -8.212039  -8.028006  -9.87394
-8.193496  -7.578063  -8.459407  -8.377995  -8.375125 -10.959234
-6.8856115  -7.679884   -8.975425   -9.30785    -9.609523  -12.610707 
-8.784505  -8.073953  -8.436545  -8.624237  -8.359904 -10.687879
-8.455989  -8.401223  -9.054177  -9.384479  -9.078044 -10.313981
-7.969022   -7.6983576  -8.290106   -8.31019    -8.171275  -10.988212 
-7.036617  -6.77582   -7.56195   -7.756766  -7.6481843 -9.80282
-8.991642  -8.789169  -9.817152  -9.948008 -10.105224 -10.38256 
-7.469219   -7.7285943  -8.769819   -8.948854   -9.333994  -11.983963 
-7.593509   -7.6223664  -8.242474   -8.572779   -8.703036  -11.433094 
-8.60459    -7.5340633  -8.592363   -8.351654   -7.8745303 -11.735398 
-8.025947  -8.58381   -9.481336  -9.611759  -9.575238 -11.612409
-8.779027  -7.036592  -7.721218  -8.070378  -8.489216 -10.998633
-9.632707  -9.330575 -10.164376 -10.59182  -10.774255 -12.997825
-7.9880548  -7.74181    -8.998739   -9.893772  -10.101419  -12.110549 
-8.94389   -7.980449  -9.219547  -9.994455 -10.235731 -12.042423
-8.504243  -8.321882  -9.232917  -9.394277  -9.060243 -10.949195
-7.7353635  -8.638824   -9.602779  -10.907922  -11.597242  -13.516069 
-8.071878  -8.440674  -9.235085  -9.236641 -10.818669 -13.543848
-7.4362793  -7.988566   -9.032719   -9.393767   -9.132789  -11.479109 
-7.507875  -7.43378   -8.441844  -9.338837  -9.729386 -11.956651
-8.661042  -8.13517   -9.249527  -9.788948  -9.943315 -12.780034
-7.845861   -7.9734416  -8.957667   -9.117529  -10.190659  -12.082328 
-7.467854   -6.8761573  -8.118309   -9.240654  -10.577713  -13.3285885
-6.7078567  -7.942354   -9.097404   -9.471458   -9.590425  -11.719424 
-8.262742  -8.54924   -8.978757  -9.508346 -10.266413 -12.96517 
-6.3629627 -6.411888  -7.047693  -7.4176784 -7.599844  -9.930714
-9.493058  -8.670265  -9.728624 -10.359225 -11.264594 -13.348621
-7.994428  -7.678298  -8.56994   -9.068336 -10.001388 -13.3195  
-7.537058   -7.169217   -8.1868925  -8.274756   -8.81821   -11.338852 
-8.469094  -7.277022  -8.631713  -9.022419  -9.549418 -12.167469
-8.224426   -7.2045307  -8.1782675  -9.156005  -10.245188  -13.123485 
-9.117788  -8.295028  -9.757972 -10.353374 -10.938764 -12.989242
-8.132629  -7.759286  -8.655363  -9.341548  -9.815308 -12.150057
-12.672537 -11.89901  -12.589503 -12.675497 -12.631518 -14.486393
-6.852135   -6.349374   -7.3678474  -7.4569488  -7.9489727 -11.646491 
-8.184506   -7.690277   -8.762249   -9.442091  -10.68611   -13.5704775
-7.3910275  -7.329589   -8.112702   -8.924254   -9.603616  -12.456101 
-9.212862   -9.553256  -11.0552435 -11.079455  -11.592914  -14.122931 
-6.7382565  -8.141428   -8.497002   -9.180885   -9.670545  -12.387014 
-7.804442   -7.606088   -8.3832445  -9.441802  -10.35581   -13.561424 
-10.261445 -10.513838 -11.393574 -11.900326 -12.359805 -14.790348
-7.6865287  -8.525101   -9.735189  -10.21662   -10.015649  -12.838017 
-13.709973 -13.000168 -14.370328 -15.073371 -15.019997 -16.160833
-8.433766  -8.482444  -9.041071  -9.446293 -10.064371 -12.645654
-7.584773  -7.897086  -8.593056  -8.831407  -8.189528 -10.03064 
-9.0000725  -8.429621   -9.46958   -10.148093  -11.208711  -14.210563 
-8.1921015  -7.7174892  -8.50128    -9.204085   -9.778242  -11.546343 
-7.5741854  -7.91657    -9.301397   -9.879667  -10.096964  -11.942127 
-6.778873   -7.6002     -8.7284355  -9.176139   -9.322295  -11.720952 
-7.207856   -7.9240828  -8.315591   -8.3074665  -8.315116  -10.82883  
-8.572442   -7.9093256  -9.206864   -9.646551   -9.614688  -12.613474 
-9.231886  -8.193637  -9.128207  -9.657145 -10.299245 -12.149221
-8.518633   -7.2812853  -8.599185   -8.843047   -8.596839  -11.116702 
-7.695232   -6.6959486  -7.8746214  -8.324626   -9.002202  -11.643607 
-8.964076  -8.40081   -9.264871  -9.647331  -9.423267 -12.579955
-7.0925612  -7.3834414  -8.015063   -8.514697   -8.491857  -10.728157 
-7.3846593  -7.3363996  -8.306806   -8.254063   -8.06538   -10.178963 
-7.9354086  -8.936222  -10.008026  -10.309576  -10.680939  -12.738633 
-9.857135  -9.026275  -9.591076  -9.920221  -9.984473 -11.831648
-11.819031 -10.279687 -11.285253 -11.320086 -11.755352 -14.025135
-7.7597976  -7.047631   -7.9233456  -8.780343   -9.022558  -11.3463   
-7.797743  -8.218626  -9.295884 -10.064085 -10.240864 -11.991253
-6.840692  -6.934066  -8.044394  -9.119669  -9.262471 -11.41839 
