5913467.5
4867068.0
5529246.5
4502120.0
4426648.5
5021544.5
5238301.0
6194042.0
3937165.25
4915699.5
5983794.5
6093650.0
5553010.0
4759603.5
3968315.5
5106220.0
3840118.75
6702720.5
6379447.5
5184442.0
6510738.5
4231820.0
3590340.0
4163259.0
5487197.0
6322652.5
6570520.5
6862788.0
5051585.0
4498867.0
4869226.5
6481440.5
5038138.5
6005193.0
6647356.5
5227265.5
6886913.0
4709737.0
3722783.75
5974218.5
9119757.0
4507822.5
6638812.0
7260506.0
5051208.5
4530407.5
3547983.75
5800076.5
4393295.5
9365334.0
3551974.0
5519001.0
6428397.0
2265217.75
2169668.0
4701057.5
3800288.0
4752122.5
3958476.25
1725912.0
3804099.5
4270837.0
2486560.5
4513587.5
2929784.0
0
3760979.75
2889689.5
4244512.5
5339663.0
13657694.0
3177984.5
2371963.5
2680417.5
5298104.5
3660304.25
2243645.0
8214295.0
3291630.75
13979813.0
3682188.25
7107108.0
4205823.5
5369766.5
4574466.5
3421886.5
4691235.0
4054041.75
4763410.5
4994961.0
3587377.25
3744013.75
5482324.5
6474693.0
5091161.5
8127944.0
9129927.0
5939768.0
5504405.0
3646793.5
