1
1
2
2
2
1
5
5
2
3
3
3
3
3
3
1
3
3
2
4
4
4
4
4
4
4
4
4
4
4
4
4
4
1
1
1
4
9
4
4
4
4
4
4
4
4
4
4
4
4
4
4
4
1
4
4
4
4
4
4
4
4
4
4
4
4
4
4
4
1
1
1
1
1
1
1
1
1
4
4
4
4
4
4
4
4
4
4
4
1
1
1
1
4
4
4
4
4
4
4
4
4
4
4
4
4
4
1
1
1
1
1
1
1
1
4
4
4
4
4
4
4
4
4
4
4
4
4
4
4
4
4
4
4
4
4
4
4
4
4
4
4
4
4
1
1
1
1
1
1
1
1
1
1
1
4
4
4
4
4
4
4
4
4
4
4
4
1
1
4
4
4
4
4
4
4
4
4
4
8
8
8
8
8
1
1
1
1
1
1
1
1
8
8
4
4
4
4
4
4
4
4
4
4
4
1
1
1
4
4
4
4
4
4
8
8
8
8
8
8
8
8
8
8
8
8
8
8
8
8
8
8
4
4
4
4
4
4
4
4
4
4
4
1
1
4
4
4
4
4
4
4
4
4
4
4
4
4
4
4
4
8
1
1
1
1
1
1
1
1
