0.023719251
0.003351096
0.023491347
0.037327774
0.022632439
0.018371535
0.0051812334
0.0058351406
0.0038328473
0.01730345
0.023727763
0.01860246
0.005729777
0.002236626
0.0020772552
0.001566497
0.0026976415
0.002785225
0.014478699
0.0020728668
0.020396778
0.020763453
0.0019498019
0.0020158608
0.021328282
0.0030757887
0.023490213
0.02586662
0.024385145
0.022737259
0.01899036
0.043098412
0.023168782
0.052913483
0.0024189556
0.0018556701
0.0039679967
0.0024397413
0.025347108
0.014179836
0.017756423
0.0023918273
0.004743581
0.005029784
0.038903587
0.0039711418
0.0055331
0.003958718
0.012130732
0.13014309 
0.001974511
0.014367848
0.027239675
0.0145866815
0.014601291
0.0017167457
0.003575713
0.034159373
0.020956498
0.0031678851
0.0021284448
0.021945009
0.0018540577
0.039329693
0.038988322
0.020156404
0.003941429
0.011368586
0.040251065
0.016264299
0.22859612
0.0021234413
0.015826633
0.0012537822
0.05644464
0.017411282
0.013773105
0.14299825
0.0028898402
0.27449957
0.016875809
0.0031933398
0.038181234
0.0015484164
0.022172919
0.0010807035
0.003198978
0.01683308
0.004638582
0.00382655
0.00949634
0.003044516
0.0039095515
0.037077613
0.045500923
0.059954103
0.15305322
0.006892777
0.02306888
0.0071790395