0.014385088346898556
0.059148240834474564
0.026255598291754723
0.014361820183694363
0.08522171527147293
0.029492586851119995
0.03518896922469139
0.023329555988311768
0.011908641085028648
0.024341853335499763
0.03142082318663597
0.025857415050268173
0.04227391630411148
0.03875342383980751
0.07865959405899048
0.04419547691941261
0.02904878929257393
0.04906294122338295
0.05676520615816116
0.0202067568898201
0.03812277689576149
0.029737180098891258
0.010631736367940903
0.01975899003446102
0.029047910124063492
0.042092129588127136
0.04507807642221451
0.02163330838084221
0.04361274838447571
0.049645960330963135
0.04341927915811539
0.035241905599832535
0.04736941680312157
0.02818457782268524
0.027530129998922348
0.031868550926446915
0.07718667387962341
0.0179899949580431
0.039818380028009415
0.018592944368720055
0.019394541159272194
0.033649347722530365
0.02815195545554161
0.01767771691083908
0.050069257616996765
0.013835861347615719
0.019344111904501915
0.05085454508662224
0.013487921096384525
0.09585344046354294
0.05882206931710243
0.03396820276975632
0.04797862842679024
0.03440685570240021
0.10841476917266846
0.038265686482191086
0.26303836703300476
0.06516838818788528
0.0568578727543354
0.02822406217455864
0.052802156656980515
0.042125508189201355
0.05687263235449791
0.024331949651241302
0.05241920053958893
0.04941327124834061
0.030635979026556015
0.03526383265852928
0.03914124518632889
0.06011237949132919
0.027528628706932068
0.02261926792562008
0.03232811391353607
0.033466167747974396
0.030780155211687088
0.05116328224539757
0.04500485211610794
0.04261114448308945
0.03911209851503372
0.04210514575242996
0.01824956014752388
0.017700238153338432
0.04030180349946022
0.04320133104920387
0.06655187904834747
0.030836142599582672
0.09636680781841278
0.0314142107963562
0.0687459260225296
0.05624924227595329
0.033514149487018585
0.01683943159878254
0.048801325261592865
0.0368938110768795
0.048304762691259384
0.01832451857626438
0.02626936137676239
0.03294224664568901
0.05279889702796936
0.13823865354061127