0.052440571734311436
0.0566240999323706
0.05718347040308639
0.06218677509317917
0.06817140531426248
0.060246368817797526
0.05725468269499583
0.07033290610930373
0.07466416451638135
0.05425652769358554
0.052193526378102977
0.048185770548821005
0.061773841612116555
0.06736653509140261
0.052160767688717934
0.05299821709854425
0.05727588813303095
0.04968570940921178
0.056040467469038874
0.05243839758125478
0.0558898908400568
0.050487424327529166
0.05656142798999932
0.06045195089530073
0.06385487528344687
0.053970705399276744
0.05739271809352673
0.0523587212662844
0.05781294830857536
0.05398639455782332
0.04901990425799937
0.05176907921638608
0.04643990929705211
0.05996964665131142
0.05261542915038352
0.05845023066697956
0.05111855687548648
0.057073346472545194
0.044408163265305986
0.0576704755976464
0.06525315722396023
0.051118556875486464
0.05625863297700018
0.05325109599395323
0.049501881338615855
0.059949701092558115
0.043280731793851536
0.05229719515433786
0.056391318432134734
0.0506617192331481
0.05804988662131518
0.05623145643799694
0.05537066108494675
0.04949516648764779
0.05337123904288079
0.06320987654320998
0.04702040816326505
0.049958084243798495
0.054256527693585556
0.052845414027680226
0.05346443339240461
0.05269143554857802
0.05272864701436105
0.058049886621315064
0.054421768707482936
0.06385487528344676
0.05543764172335589
0.0667112982759241
0.053319895859578255
0.05182424660685529
0.053772526554481434
0.06153287981859411
0.04888411504952859
0.06037188208616786
0.04556916099773227
0.056263736263736375
0.054114301087666565
0.04945850340136047
0.05335061008530404
0.05358451072736815
0.05578820272697849
0.06259292122646157
0.048841973571037894
0.05274656364603455
0.05179836036978888
0.06046863189720338
0.05319795579923502
0.05128803169619482
0.05027000490918017
0.05012112161937957
0.06780226757369621
0.05518508702182167
0.064702794975668
0.06286377965820451
0.05993988292991611
0.05581719867434153
0.05001221001221
0.05743883518319594
0.056037490551776266
0.0655622248899559
