-7.4705434
-5.313653
-8.332459
-6.249303
-2.78198
-7.3794303
0.82273453
-7.408332
-4.0408573
-7.820926
-3.9710615
-2.5722034
1.1809354
-6.4179416
-4.2126856
-1.1147596
-8.22371
-2.996546
-1.5241412
-2.6284165
-8.734953
-5.4362307
-6.347474
-7.9476337
-3.372459
0.67978466
-4.116907
-11.816304
-4.421543
-3.6564324
-1.7808758
-4.8399673
-8.9176
-5.6562476
0.5837391
0.21776739
-1.1041172
-3.805679
-3.2478054
-11.384324
-7.249632
-4.357561
1.7690926
-12.971553
-5.101723
-6.313952
-9.347029
-9.020591
-4.268893
-6.5201917
-8.8855295
-2.4744182
-5.33419
-10.709602
-11.930526
-5.590645
-10.613804
-4.9702063
-3.4465978
-5.457549
-3.1065009
-18.152153
-6.711253
-5.56962
-7.518273
-8.819211
-3.9328203
-8.027525
-4.069492
-6.170858
-16.705194
1.9469583
-5.11531
-5.738585
-9.612405
-0.6305398
-3.377674
-12.267052
-3.3001611
-25.79846
-9.656869
-4.98294
-9.639896
-6.126691
-2.3451395
-5.4297566
-1.7119405
-7.422987
-4.866573
-9.927764
-5.899736
-13.038804
-3.7954037
-1.1472768
-7.9977
-9.878921
-13.426422
-1.0176785
-9.742023
0.10544402 