0.01206557359546423
0.018244219943881035
0.0263220127671957
0.014999523758888245
0.01486718375235796
0.019790077582001686
0.029425926506519318
0.011209896765649319
0.021919624879956245
0.024158261716365814
0.019007088616490364
0.02955690212547779
0.03180137276649475
0.020881999284029007
0.030887123197317123
0.03181568905711174
0.015122968703508377
0.02137008309364319
0.017247604206204414
0.02842443250119686
0.03398454189300537
0.011503790505230427
0.01174372062087059
0.01662079244852066
0.01646636612713337
0.03234848007559776
0.041498132050037384
0.020393116399645805
0.022247998043894768
0.02028260938823223
0.02832011692225933
0.031845640391111374
0.026141520589590073
0.0176842100918293
0.039300352334976196
0.026949143037199974
0.04229281470179558
0.013708372600376606
0.03666442632675171
0.011827833950519562
0.0290555190294981
0.010970882140100002
0.03467661887407303
0.09285058826208115
0.03772253170609474
0.012485433369874954
0.011093921028077602
0.013624825514853
0.01912745088338852
0.035709723830223083
0.033297862857580185
0.01464543305337429
0.027317263185977936
0.016048068180680275
0.0447191447019577
0.011894251219928265
0.02112986333668232
0.021406304091215134
0.02411574497818947
0.017487328499555588
0.03963346406817436
0.01708156429231167
0.021755868569016457
0.013899208046495914
0.018835948780179024
0
0.018370117992162704
0.019233470782637596
0.019828785210847855
0.019597744569182396
0.0192616805434227
0.022486494854092598
0.01774544268846512
0.01758384332060814
0.013104238547384739
0.047238223254680634
0.014184322208166122
0.020947903394699097
0.022807614877820015
0.012538834474980831
0.01364973932504654
0.031318798661231995
0.011437506414949894
0.018882419914007187
0.032921016216278076
0.023762818425893784
0.07103429734706879
0.012857071124017239
0.015911178663372993
0.015725238248705864
0.019896935671567917
0.014770624227821827
0.0162804014980793
0.035662319511175156
0.02433004416525364
0.024601008743047714
0.016921043395996094
0.021995827555656433
0.018655894324183464
0.04706374183297157