4.692173957824707
11.46369457244873
11.587435722351074
3.382554531097412
4.816263675689697
5.612418174743652
2.7651803493499756
6.747601509094238
4.068696975708008
9.444629669189453
4.964051723480225
6.310141086578369
2.5313940048217773
5.919882297515869
3.8393354415893555
5.4482340812683105
6.5829925537109375
3.4489216804504395
4.153930187225342
6.463545799255371
6.936124324798584
5.247573375701904
6.404804229736328
5.4515862464904785
4.41456413269043
2.418958902359009
2.754934072494507
6.805390357971191
3.6488869190216064
5.493681907653809
1.8884328603744507
4.721095561981201
3.461045503616333
4.030222415924072
2.7712674140930176
2.79284405708313
5.099913120269775
5.568397045135498
4.195438861846924
9.325222969055176
13.051694869995117
5.482623100280762
3.316506862640381
7.250367164611816
3.899871826171875
8.955045700073242
7.223808765411377
13.740038871765137
3.865841865539551
2.7741754055023193
5.51730489730835
6.215287208557129
5.164463996887207
6.164017200469971
9.198015213012695
6.21417236328125
8.161686897277832
7.071726322174072
4.333386421203613
3.316115617752075
3.3992581367492676
17.61470603942871
8.214088439941406
6.297426700592041
2.823127508163452
4.239150047302246
6.586841106414795
3.4595608711242676
4.1046271324157715
5.108525276184082
3.953345537185669
3.618046760559082
6.171815872192383
3.4760050773620605
11.419851303100586
2.9043076038360596
4.509573936462402
6.249900817871094
6.622178554534912
7.423593521118164
7.138510227203369
5.384696960449219
11.76148509979248
4.045325756072998
5.548454284667969
3.437669515609741
4.135008335113525
4.831956386566162
13.003206253051758
5.860377788543701
3.5268571376800537
10.395252227783203
3.9784905910491943
3.480895757675171
4.52609920501709
4.922327041625977
3.892137289047241
4.008510112762451
5.6456990242004395
3.078808069229126
