0.5315889716148376
0.5584878921508789
0.5353333950042725
0.5899287462234497
0.5716307759284973
0.5871227383613586
0.5311587452888489
0.5015067458152771
0.5216206312179565
0.6181443929672241
0.5560047626495361
0.5440197587013245
0.5262669324874878
0.530336320400238
0.5867536664009094
0.5500169992446899
0.5873978137969971
0.5863965749740601
0.5548840761184692
0.46705588698387146
0.5206066370010376
0.6512826681137085
0.5827061533927917
0.5365394949913025
0.5536804795265198
0.5422412753105164
0.49169349670410156
0.6555467247962952
0.598432183265686
0.48441237211227417
0.5196931958198547
0.5750933289527893
0.5069078803062439
0.5845807790756226
0.506635844707489
0.5168035626411438
0.4768611490726471
0.5485478043556213
0.5415482521057129
0.5572062730789185
0.5467439293861389
0.6312109231948853
0.534727156162262
0.417992502450943
0.5245641469955444
0.5168415307998657
0.7024009823799133
0.4392666816711426
0.5991002321243286
0.551429808139801
0.4633036255836487
0.5051786303520203
0.5162563323974609
0.5033177137374878
0.6596269011497498
0.5449484586715698
0.5827202796936035
0.5154363512992859
0.5085586309432983
0.5976707339286804
0.4464936852455139
0.5905438661575317
0.5498018264770508
0.5248428583145142
0.6204914450645447
0
0.5275457501411438
0.5331838130950928
0.4937562346458435
0.5860074758529663
0.5580961108207703
0.6159074306488037
0.5528574585914612
0.5409504771232605
0.569131076335907
0.4178807735443115
0.5486645698547363
0.5380057692527771
0.4378732442855835
0.5263648629188538
0.5209361910820007
0.5007380247116089
0.5906779170036316
0.4388910233974457
0.5506753921508789
0.4877411723136902
0.44024336338043213
0.46839746832847595
0.5822489857673645
0.5646492838859558
0.6135363578796387
0.49175727367401123
0.5557132363319397
0.5166798830032349
0.4976957142353058
0.5313393473625183
0.5827673077583313
0.602009654045105
0.5300350189208984
0.49506399035453796
