0.08831316977739334,0.06965986394557833,3.873765134565474,1.2947603222798105,144.21232375547186,1344.2393573144843,0.5049467,0.3101947,0.11694478,0.07646675,0.03165555,0.03496227
0.03176494315266609,0.11609977324263032,10.268028736114502,1.6568850019049552,162.7554760463632,1837.2252304998465,0.2481811,0.19501856,0.23014781,0.17223713,0.04928563,0.1650989,
0.03794155642390251,0.13931972789115643,18.848579263314605,1.250355610815908,161.2186594244571,1783.9414653243723,0.5270806,0.19047207,0.09180339,0.1053114,0.06255816,0.04834442
0.027692481875419617,0.18575963718820865,1.5491993553296197,0.900881160927612,140.2010427679191,2967.981046309461,0.1193332,0.16443516,0.1858236,0.3147225,0.16572145,0.03258876
0.03157273307442665,0.23219954648526087,4.252191808074713,1.5873533854418465,140.5081109401528,1464.799957461005,0.3311145,0.09672966,0.21601377,0.20606771,0.1100464,0.05669658
0.01022266410291195,0.2786394557823131,5.432704798877239,1.5790563858882463,139.0059621710527,1297.5445195162379,0.9099057,0.04256291,0.0355239,0.01404484,0.00738239,0.00616548
0.012770182453095913,0.3018594104308392,18.340847961604595,1.2510294940556743,138.7759889507422,903.3953838477025,0.7381319,0.28474885,0.01512848,0.00915484,0.0154722,0.02455355
0.007825965993106365,0.3250793650793653,5.4550219140946865,1.3410301155282485,167.1581707765918,1531.4162806191746,0.29890102,0.2249225,0.25015068,0.14074758,0.03515865,0.0653346,
0.024123189970850945,0.3482993197278914,9.778137607499957,1.0408233940591431,143.4744275050608,1783.4641496094712,0.40046224,0.15535066,0.14934179,0.08000863,0.0622088,0.18930447
0.027956368401646614,0.3947392290249436,6.2173062190413475,1.6514909497669432,139.06753514601695,1524.359692788582,0.07823492,0.17262778,0.4121988,0.0548518,0.19950865,0.10635032
0.00850366149097681,0.4643990929705224,4.727679215371609,1.2596358975409254,138.53965178016887,1509.8217741818828,0.14330512,0.12309626,0.33320925,0.17759824,0.15135196,0.09510166
0.020231526345014572,0.5572789115646268,2.8100530840456486,1.0222679022918049,146.60538784970498,743.3620568647666,9.9143368,1.3453340,2.5421281,5.8099948,3.9900403,1.5416747
0.008435370400547981,0.6269387755102047,7.763339746277779,1.472579434989705,140.3365999634503,1452.4525803839988,0.41969538,0.07962745,0.08813803,0.0674375,0.06286679,0.13625781
0.006975097581744194,0.6733786848072569,2.812624029116705,1.2250175215022077,156.20279588930384,1013.0274512783097,0.7456425,,0.12285782,0.06436078,0.03996564,0.03514546,0.0263431,
0.01879996433854103,0.7430385487528348,5.078539598733187,1.5343975462148833,134.886428241255,1322.4967353661518,0.48442796,0.07774734,0.17980768,0.11483661,0.04748565,0.0855585,
0.014279814437031746,0.789478458049887,18.018612548708916,1.2338249005242157,147.0633715699505,1841.4608019180782,0.76058775,0.17176536,0.02614828,0.03015106,0.03054192,0.03624223
0.012676762416958809,0.8126984126984136,14.437265711330838,1.3025499646261387,145.8029869952589,1449.8994756024574,0.2960697,0.11342779,0.15561333,0.27645758,0.13385326,0.08369976
0.013751663267612457,0.8591383219954658,2.040953854098916,1.1639075521913202,130.33167259039848,1162.133954782764,0.37166053,0.1520837,0.20173796,0.1513405,0.05377785,0.08840635
0.02307850681245327,0.9287981859410446,2.8369351223918216,1.2144152299870825,148.16356453056514,1049.7758470917572,0.06400938,0.08960675,0.49885976,0.16447386,0.05866963,0.03060725
0.011060855351388454,1.021678004535149,4.0277142624836415,1.42873998355406,139.85100619195046,1284.335601309671,0.60754055,0.07193737,0.07004837,0.04137585,0.05410726,0.06557466
0.014875587075948715,1.0681179138322012,3.8307394050061703,1.5216352692155481,137.9586396424542,1434.5282662520115,0.29019856,0.16595815,0.17943202,0.10433007,0.20001687,0.08462165
0.013871226459741592,1.0913378684807278,3.4491936611011624,1.3571332696860863,154.01764976358086,1348.277370193962,0.82081443,0.16068326,0.04054584,0.01959707,0.00286818,0.00881291
0.011846140027046204,1.1609977324263057,7.823413141071796,1.5064925989284172,136.6125850011058,1662.875355211509,0.31653923,0.4393007,0.1991407,0.09208015,0.02053913,0.01388928
0.024811869487166405,1.1842176870748304,1.211887995712459,1.3321908486068768,140.55378333604372,1462.266216864574,0.29576808,0.12263565,0.27365798,0.22636145,0.07718611,0.02707794
0.01135774701833725,1.2538775510204083,12.816412061452866,1.0438812699687834,150.95490984588503,994.0755047288347,0.3906925,0.27803355,0.16492362,0.07176176,0.02298489,0.0058112,
0.028986649587750435,1.3003174603174614,8.815129822585732,1.2990568398431959,140.87225796091562,1330.235641693623,0.54112166,0.09659281,0.11802424,0.08979297,0.07667664,0.02539358
0.024927346035838127,1.323537414965988,11.324526098556817,1.568673489957987,135.869040923143,1156.8065831025028,0.32475325,0.21140982,0.1744818,0.22627312,0.12811773,0.01710326
0.043390583246946335,1.369977324263041,6.492561437189579,1.4962304975719325,150.07068290561116,1329.902537612452,0.22535162,0.21418066,0.24854904,0.08179013,0.0632396,0.19517995
0.05216991901397705,1.4164172335600924,1.7958750883117318,1.0382363333066245,138.43643887945672,1024.1727433835592,0.66555053,0.2737631,0.03408536,0.03431002,0.01223076,0.00531605
0.059731341898441315,1.4396371882086172,4.294126472668722,1.302657806656927,146.9680436066127,1715.756468893794,0.55455136,0.16478823,0.12520088,0.09203874,0.06509,0.05655691
0.02244921773672104,1.4860770975056703,11.683095375706557,1.6520446575374896,148.80625747607658,1482.110661940559,0.55584073,0.15348405,0.09703192,0.12332514,0.07854164,0.06457371
0.03761613368988037,1.5325170068027234,1.4898365549743176,1.28066809076453,151.3956685922047,1258.0512557687218,0.48171228,0.1307916,0.30205828,0.06008131,0.04118212,0.01895308
0.027644092217087746,1.6253968253968278,6.123776154592633,1.2392916125981526,147.9289300554016,1037.891304495079,0.6473844,0.22486953,0.02053696,0.03140977,0.0510349,0.03910794
0.01162615604698658,1.6950566893424057,5.787944111041725,1.590031285776335,141.93494305334232,1318.8467916142488,0.10093645,0.29590985,0.3806676,0.15165032,0.07358066,0.01928915
0.02728135511279106,1.7647165532879836,4.23842316865921,1.2869155163849804,141.03618421052633,1960.5259112992221,0.7447232,0.03899265,0.02875536,0.04352975,0.02540265,0.05300903
0.06438127160072327,1.8808163265306146,4.857966814655811,1.3653567586123716,142.72475763853748,1390.73024840876,0.4113996,0.4318313,0.12823762,0.11031858,0.08827136,0.03579345
0.0792684480547905,1.9504761904761925,9.276019491255283,1.4499495844468184,145.35712169451136,1497.8982466848497,0.5200655,0.33682376,0.1480581,0.03419779,0.04255305,0.01667809
0.04573902487754822,1.9736961451247172,7.55034676194191,1.5563333936316808,141.14112184758773,1688.4505099697758,0.3178371,0.15882973,0.30545536,0.07356188,0.02737194,0.13313523
0.051938045769929886,1.9969160997732438,1.4231380224227905,1.145950705337981,131.349633097166,1920.6106357172505,0.5119497,0.1050841,0.110522,0.08416256,0.06479391,0.09093559
0.020065272226929665,2.0665759637188215,21.074313096480182,1.2686896403183034,135.53422317813764,1943.5953353472014,0.45482814,0.24215077,0.06790137,0.1152723,0.05610095,0.10843965
0.026117093861103058,2.113015873015873,8.594460468739271,1.6910118662203926,145.67788782560714,1691.677227489628,0.65673095,0.10841062,0.16658372,0.03279228,0.02912556,0.01817518
0.02812330424785614,2.159455782312926,7.029260694049299,1.4751587976391445,144.673643822018,1358.5523410442675,0.23654552,0.54474306,0.22680952,0.05905055,0.04679423,0.01860593
0.03534425050020218,2.205895691609979,3.237766832113266,0.8849362815319216,140.50573022098513,863.8169395389311,0.81790507,0.05486868,0.02365698,0.00873647,0.0815204,0.02808601
0.016607889905571938,2.2987755102040834,2.718847181648016,1.411873420809049,168.17865110178326,1417.9768408670052,0.13067985,0.54166734,0.21792407,0.11493585,0.02400832,0.0417752,
0.03394148871302605,2.3684353741496613,5.185303076083073,0.9111545465712535,155.47036465558736,1082.2141215019558,0.09968996,0.15089938,0.19918583,0.21030335,0.13750128,0.10510741
0.04645222797989845,2.391655328798186,1.743744662962854,1.145236988320716,138.33153067791764,1082.5784518027954,0.7395734,0.22110993,0.0242454,0.021312,0.04241182,0.01588538
0.03790917992591858,2.414875283446711,3.727282501757145,1.339283475227956,146.21450047630393,1632.736165773464,0.39931756,0.4161547,0.1764083,0.03280697,0.03493665,0.04215693
0.03117876686155796,2.461315192743762,2.2101636715233326,1.3479066144625513,153.3755278816216,1790.3498207486527,0.16682494,0.42422134,0.17881274,0.12473164,0.0392689,0.13386226
0.048265859484672546,2.484535147392287,3.203071488918681,1.077111054942354,172.07368553420838,1495.343411376893,0.55750394,0.11080486,0.05799411,0.04404702,0.1995641,0.0493531,
0.03246844559907913,2.5309750566893383,6.681528793706093,1.185910598040376,148.79153469538034,1076.370704827991,0.39707574,0.5721186,0.02163102,0.02799064,0.00959089,0.00613464
0.04106028378009796,2.6470748299319693,12.65264403540641,1.4521818169386504,165.04324777435676,1576.2826352971065,0.78203017,0.17481229,0.02709653,0.01996717,0.00650415,0.01620873
0.04845719784498215,2.670294784580496,4.123986339196563,1.4797619693032975,148.50227976097793,1469.4368967342198,0.43753707,0.08217276,0.17454275,0.2178449,0.09074346,0.03435244
0.019377417862415314,2.7399546485260737,10.610430151224136,1.2893360347972265,156.2549448136157,1187.7180711360177,0.5975842,0.14965379,0.10610799,0.09379574,0.0571176,0.02240128
0.02312343753874302,2.8096145124716516,7.418064475059509,1.242138582220883,138.67645612843253,1037.4373728997468,0.7520526,0.22095837,0.05343581,0.02904833,0.0140205,0.00762785
0.059979405254125595,2.8328344671201764,1.4596980139613152,1.0145811667002216,136.67872644814705,1475.4376381400484,0.34425634,0.09774802,0.07886581,0.07503814,0.04573556,0.12232723
0.07375208288431168,2.8792743764172295,1.6072717821225524,1.5866880419765217,138.9442845394737,1769.0899719728868,0.86058223,0.03020449,0.05108599,0.04731428,0.01420374,0.0106106,
0.044209059327840805,2.9257142857142826,7.023477144539356,1.4763780812921246,138.92886513157896,1249.4085525350674,0.91359574,0.02141461,0.02317294,0.02758048,0.02008252,0.00857545
0.03816726431250572,2.9489342403628074,3.968211518134922,1.2854297728063748,145.14288651315798,1106.73744473057,0.42518598,0.2854685,0.07972882,0.0657066,0.06214603,0.04455781
0.03826854005455971,2.995374149659857,4.819306991994381,1.5590957562689534,144.26180573127533,1908.144744902367,0.28156728,0.25752896,0.30010864,0.1121373,0.04730996,0.07609278
0.023701507598161697,3.088253968253963,2.144033704069443,1.203482044547366,152.51244357898477,1670.5172512503464,0.49070287,0.12268751,0.19849882,0.16027738,0.04523247,0.03188715
0.020503263920545578,3.1346938775510163,2.4846759401261806,1.1175061172435325,148.46563139467085,1210.1619178808035,0.7075442,0.34367856,0.01978679,0.02437205,0.01439032,0.00860036
0.04164102301001549,3.157913832199541,9.663465585559607,1.4761631108450253,133.39264155235173,1607.959477357844,0.46843866,0.2719539,0.16155434,0.03750664,0.06069764,0.01925539
0.026828642934560776,3.1811337868480694,4.569309072336182,1.17920650372364,127.10537386133605,1207.3603621744876,0.36066946,0.25575188,0.18285106,0.0579602,0.10238721,0.07555292
0.0393274649977684,3.2740136054421756,4.647440075874329,1.540911940911595,133.26447194574794,1628.7166286358565,0.3784874,0.2754812,0.11096448,0.21176559,0.05530762,0.03303361
0.05782215669751167,3.3204535147392287,3.433567602187395,1.547966014569934,157.30761323380574,1914.2342801671352,0.30396417,0.21534917,0.18596007,0.06562266,0.02795149,0.21621682
0.07169171422719955,3.39011337868481,5.157968042418361,1.0565363147756635,145.38665647931433,895.3077559374265,0.04122635,0.26912236,0.34794793,0.31164098,0.04224192,0.01212263
0.07283975929021835,3.4133333333333384,9.89262105897069,1.4059080485707738,156.77921170853529,1293.8296029944675,0.5906517,0.26491874,0.05600347,0.05464428,0.03910282,0.0284762,
0.0497296005487442,3.552653061224494,12.42123693227768,1.1758855711193554,142.81366633982796,998.670764231637,0.8088008,0.21622144,0.036121,0.00868131,0.00509851,0.00484218
0.0161733478307724,3.6455328798186004,11.70905663818121,1.58816259994944,152.09149328692848,1767.218797271361,0.24943146,0.36738214,0.20939335,0.135998,0.04007638,0.07944855
0.08106779307126999,3.668752834467125,4.290169045329094,1.4002136480544771,137.0881304824562,1577.5725313497571,0.79320127,0.06621927,0.04819849,0.03677424,0.03568388,0.03644139
0.08512084186077118,3.7151927437641783,1.5137785905972123,1.5740183250578554,139.0213815789474,1636.6772280297705,0.6696669,0.24597901,0.07434101,0.04381634,0.02275048,0.03079523
0.03939371928572655,3.854512471655334,6.539087735116482,1.6402292633673932,138.8381022639319,1509.3092894339331,0.40926117,0.14311025,0.18463707,0.0994151,0.05980883,0.14175037
0.01861623488366604,3.9241723356009155,6.049427766352892,1.2830240949659644,151.80277271837528,1539.7489422282206,0.69481945,0.06516213,0.06267953,0.11585523,0.05231083,0.02500755
0.029426701366901398,3.9938321995464934,3.1005939142778516,1.2333016258244747,142.34976412344906,1426.936305078221,0.19464788,0.09197114,0.23740819,0.14930806,0.27462083,0.05135474
0.06987681984901428,4.0402721088435465,9.002440731972456,1.2052909314242335,143.0161943319838,1143.4717573307541,0.14895366,0.36005312,0.23236383,0.11004288,0.11245007,0.02930477
0.05462104082107544,4.133151927437649,11.706457247026265,1.3803378699787654,161.18775771404748,1300.015695722983,0.19711092,0.40051827,0.27549645,0.08086543,0.02827078,0.03420263
0.06884504854679108,4.249251700680277,4.633196033537388,1.2301306023450436,160.52940448102845,1357.9976670226697,0.40419167,0.271497,0.13839257,0.10549786,0.09042388,0.05055838
0.02074708417057991,4.272471655328801,8.741767399013042,1.4469687228754688,133.79522270462465,1702.854417009363,0.7373702,0.1759333,0.03216768,0.00935816,0.02042913,0.09487644
0.022242750972509384,4.342131519274379,3.9461911618709564,0.9099406672122604,139.68479220154046,867.768438459181,0.51990783,0.01745317,0.04429049,0.03973795,0.00295236,0.00189308
0.05132395401597023,4.388571428571432,6.033410981297493,1.211129028300777,150.88273042675908,1574.99949246941,0.29101074,0.37879184,0.20098522,0.0595653,0.07027125,0.09173062
0.0347103513777256,4.411791383219957,2.2837614100426435,1.2530145815093756,159.76243430616512,1270.2986146057726,0.32531425,0.12213158,0.36924285,0.1463418,0.03474717,0.04178147
0.029876280575990677,4.50467120181406,13.756680771708488,1.1559668683649735,150.8379543002877,1722.2326677439153,0.32795787,0.6450003,0.06150329,0.02171911,0.00475518,0.03356589
0.04760348051786423,4.5278911564625846,3.723279487228865,1.6670677867753743,152.21733538085368,1591.9992349205374,0.3702275,0.16406585,0.1501551,0.14534733,0.14838131,0.06045429
0.03151587396860123,4.574331065759638,8.443812005221844,1.3496962097428136,151.26299490049956,1557.8379685744724,0.27259082,0.43381846,0.15445791,0.0788146,0.04563745,0.05660697
0.02654402144253254,4.597551020408162,1.4270494561642408,1.748501993338386,132.5640017162472,1395.9157982787565,0.36153063,0.0723525,0.29069722,0.19304964,0.05409806,0.02608663
0.03516116365790367,4.6439909297052155,3.039348216727376,1.2459289806482665,142.9950201023392,1930.8205889260319,0.646573,0.24303392,0.05352586,0.0232675,0.01487689,0.06112498
0.042938243597745895,4.713650793650793,7.379067620262504,1.7997340240257276,153.46317459328117,1776.5023199602333,0.14736909,0.70992273,0.04582889,0.02963862,0.04769201,0.05416312
0.02229771763086319,4.7600907029478465,4.509484535083175,1.3289758966057281,157.93921590334008,1448.3657002021557,0.3424568,0.14000775,0.15271078,0.13416621,0.18669733,0.08691114
0.046281084418296814,4.8065306122449,2.423752708360553,1.2972378773939675,130.80749059849913,1210.4364373223334,0.29206017,0.19689412,0.12563063,0.1908205,0.16207986,0.09964902
0.030188335105776787,4.852970521541949,10.28430238366127,1.3674459865709128,140.2541226627424,1662.0775708424467,0.54467446,0.5159368,0.06012268,0.01431144,0.02522352,0.03333947
0.039600078016519547,4.876190476190474,7.761025306768715,1.4782808582186542,137.4385535432544,1361.0334844211718,0.90713847,0.07827453,0.02238153,0.00493202,0.00345345,0.00266794
0.03449365124106407,4.96907029478458,3.425153008662164,1.2359241242545778,162.44038665821608,1393.6026672577214,0.31693327,0.39637592,0.18034707,0.07759819,0.02467498,0.02074908
0.03489701449871063,4.992290249433105,11.844931166619062,1.6480470037968833,140.81907185798548,1494.5109337161823,0.6371856,0.01893914,0.02129574,0.03387447,0.10999668,0.17045406
0.0436115562915802,5.01551020408163,4.119050754234195,1.1104072472790618,152.44748110134114,2463.678094925119,0.62006146,0.24583438,0.11359756,0.01922598,0.01132088,0.06611667
0.023195665329694748,5.061950113378679,3.5212904568761587,1.4002554973458945,154.95821594205088,1389.6285393851347,0.4835474,0.22284892,0.18605871,0.11106894,0.0317568,0.02885176
0.0545746311545372,5.085170068027208,11.196040265262127,1.2054379126384942,146.53616945288653,1724.1635954687883,0.5790764,0.3533851,0.02246186,0.01498064,0.01023564,0.05709128
0.02586563676595688,5.1548299319727855,1.9301390442997217,1.38218683109625,133.86360225633135,1390.9218226121523,0.7745976,0.09206457,0.07019459,0.04605261,0.02300839,0.00858543
0.018022403120994568,5.201269841269839,3.613813930656761,1.251870721133036,149.8884553471445,1584.8067333401143,0.11337497,0.22835669,0.2820794,0.19672729,0.11480844,0.06415991
0.07724533975124359,5.224489795918363,8.72846258059144,1.0199639460792926,156.6137209613448,987.1262051148522,0.4201021,0.52295107,0.14808339,0.02893173,0.00991698,0.00461175
0.06993923336267471,5.247709750566892,4.720660049468279,1.2732534829527504,140.03636966708584,1421.9410166862472,0.37570572,0.15583888,0.08445122,0.15696049,0.12069508,0.13459978
0.03947652876377106,5.317369614512473,6.164142441301351,1.3812340204596127,150.68132217289295,1294.7214907308355,0.24017282,0.07861534,0.13531536,0.18611543,0.25181168,0.13318226
0.024271881207823753,5.363809523809526,6.539087735116482,1.6402292633673932,138.8381022639319,1509.3092894339331,0.40926117,0.14311025,0.18463707,0.0994151,0.05980883,0.14175037
0.04250480979681015,5.456689342403629,9.05525093153119,1.2328973282475997,146.91912220181138,1342.7945225412477,0.5533482,0.29064026,0.13629337,0.07895224,0.02322307,0.01097774
0.04198450967669487,5.503129251700682,2.334782939404249,1.28380678865899,145.42090065748883,1683.8848528894516,0.2867037,0.45645952,0.12095448,0.09585971,0.05813247,0.05690512
0.028630563989281654,5.52634920634921,4.206496407277882,1.4740369997675709,145.01531123252235,1612.4198984651996,0.08678157,0.16266555,0.2298948,0.24697609,0.11113726,0.21120648
0.04124455899000168,5.5727891156462634,3.5686720237135887,1.4719976527120802,149.94312419395655,1122.7517369829905,0.15898532,0.14220645,0.29643908,0.27619475,0.08845931,0.09684545
0.026789866387844086,5.619229024943313,2.324026480317116,1.4049141333592152,143.87039241501577,1385.631992655983,0.144,0.3600515,0.32568765,0.10398838,0.04282949,0.06774554
0.06448850780725479,5.688888888888891,6.48977049998939,1.5025371153687266,140.29544794891643,1391.8435210517953,0.64552903,0.09860314,0.09874615,0.0465568,0.04601351,0.08217181
0.07968001067638397,5.712108843537416,12.935509741306305,1.083735579279147,167.32163319229835,1146.2359438860153,0.411635,0.26169297,0.20751542,0.04872774,0.04127924,0.08190914
0.10176052153110504,5.758548752834465,1.06052336783614,1.318280950231242,158.49109771807136,1253.250914287276,0.6016915,0.14190562,0.16730225,0.06492231,0.02074519,0.03363826
0.08542457222938538,5.897868480725621,4.257125960662961,1.5907908981414733,140.00814632932145,1543.934849880346,0.50972223,0.1273154,0.12179877,0.06897996,0.09191058,0.07294244
0.04377618804574013,5.944308390022674,12.314232947304845,1.0979868275042082,146.88928272077433,1336.5907275416264,0.1212194,0.1522815,0.34321362,0.25297555,0.04999711,0.09544221
0.08385762572288513,6.013968253968252,14.08271735906601,1.400113915327367,141.03618421052633,1619.2163444828846,0.5572113,0.22906812,0.15630677,0.02771133,0.03218383,0.0512638,
0.03970462828874588,6.083628117913833,2.5441593723517144,1.2305589976727638,166.80956856174384,1679.0529186646684,0.06594662,0.4043266,0.24901588,0.13595393,0.03252534,0.12093544
0.032349761575460434,6.17650793650794,6.915423549711704,1.413441808425295,141.93255162698654,1905.40586036364,0.33691347,0.02715829,0.0646892,0.23241878,0.10313277,0.24193011
0.042615894228219986,0.02321995464852611,3.016348886769265,1.097043757864768,156.45416741196078,1193.6977383559022,0.47837165,0.15196882,0.1955752,0.09568141,0.07038123,0.03587622
0.03466081991791725,0.06965986394557833,11.495662420988083,1.2826651002242384,148.51602113585793,1549.2567175319505,0.48460123,0.36515695,0.12536632,0.05432778,0.04607964,0.04399813
0.009801233187317848,0.16253968253968276,4.0530765280127525,1.3588658442746553,153.55735640704995,1404.0133682200837,0.3530548,0.20927504,0.20662409,0.16185544,0.07026898,0.03956405
0.038273174315690994,0.18575963718820887,16.14170290529728,1.4880485705350721,140.99743800607288,1639.5920742195422,0.30416775,0.48612097,0.13791041,0.0160859,0.04461366,0.04757354
0.033793605864048004,0.20897959183673498,9.931132443249226,1.2716610894849942,143.0818524626021,1605.2289065726839,0.42721084,0.13716827,0.09001652,0.10815999,0.10840255,0.151989,
0.02170449122786522,0.2554195011337872,8.053523197770119,1.4746798907625054,142.2470030996964,1801.1499100075562,0.67371976,0.12270717,0.12178173,0.05580718,0.02904501,0.0464206,
0.010982328094542027,0.34829931972789163,11.343357724137604,1.2658347543710127,144.3380929011036,1401.2375361751288,0.36958006,0.36396542,0.19894233,0.12217108,0.03424137,0.05864168
0.008435353636741638,0.39473922902494385,2.7050320133566856,1.3089759564897165,138.74663576555025,1064.6923584223723,0.26896095,0.2572554,0.14437613,0.12740748,0.09860041,0.10715969
0.024645907804369926,0.46439909297052173,6.688093846198171,1.3610740360398719,141.67245223937252,1698.1271696007839,0.5820058,0.15519734,0.19143051,0.0463742,0.0381286,0.03074683
0.016110649332404137,0.510839002267574,7.742611292749643,1.5586174198064153,147.71696916022574,1614.9976600572707,0.06938114,0.43652508,0.2930085,0.11726045,0.08248297,0.08485496
0.017961597070097923,0.5572789115646262,2.073383256793022,1.162681339186379,149.12499629513962,884.5674872968048,0.7392887,0.07649952,0.08105841,0.03612863,0.05977852,0.01510717
0.012733112089335918,0.6501587301587306,4.4068459665286355,1.1599955163931686,147.98184162951281,1487.2195254500414,0.44770458,0.21197666,0.10307783,0.15268241,0.09205305,0.06113464
0.05342317745089531,0.6965986394557828,3.954271555878222,0.8853782838885705,138.93743146929828,1000.8016769795154,0.05987522,0.02093587,0.06582869,0.07711688,0.0849967,0.34104598
0.033559542149305344,0.743038548752835,5.830008052289486,1.1734979323517347,141.82250424208146,1594.4324896774808,0.7219672,0.14219208,0.08395908,0.04872126,0.02469647,0.04644826
0.024346565827727318,0.8126984126984138,3.6155226975679398,0.8983929770310236,111.30005416092419,1031.6919516688467,0.19957173,0.4437484,0.21430981,0.14459947,0.06764285,0.04502363
0.01104434859007597,0.9055782312925182,7.131953358184546,1.5759183049909442,148.57263344611147,1418.004774251219,0.5416368,0.13543102,0.08893715,0.10480895,0.07634354,0.06298098
0.009154276922345161,0.9752380952380961,3.9338581413030624,1.4488601858398122,139.03511886961726,1101.3282355996846,0.03743661,0.27503762,0.38476178,0.20408152,0.09089826,0.06835078
0.039911847561597824,1.044897959183675,13.224659230560064,1.3846826703373794,146.2250340231426,1605.2637451325238,0.6765586,0.13800128,0.09440374,0.0675441,0.02315636,0.02757165
0.02537679672241211,1.0681179138322006,3.053558825980872,1.208923559605412,157.77398836879888,1307.7017153617146,0.5637817,0.10756864,0.14331062,0.07516231,0.01114267,0.003899,
0.039867714047431946,1.1377777777777784,4.595357978716493,1.3763835845058987,141.71618009868422,1531.575089876828,0.38855997,0.35078654,0.0777928,0.04957413,0.10306972,0.10401797
0.02347031980752945,1.1842176870748307,5.223647207021713,1.3083245824910654,142.59238422545965,1646.7895598835908,0.55543786,0.19711468,0.15353616,0.07014497,0.02963681,0.05382068
0.015760425478219986,1.2306575963718829,2.834888629615307,1.2813348083432696,144.25018830618592,1305.379978632797,0.5405777,0.05235939,0.14380607,0.17622545,0.02782204,0.00801795
0.020506424829363823,1.277097505668935,12.856231942772865,1.6298758934907043,142.03373479637003,1335.2378407651313,0.67879814,0.11318643,0.03387125,0.0692146,,0.09118114,0.05429419
0.045461710542440414,1.3003174603174599,0.6348422113806009,1.373553412527258,136.79917279411765,1575.3099871659497,0.29315674,0.1909746,0.21888235,0.04833473,0.15245928,0.11283024
0.023508260026574135,1.3467573696145112,8.121796764433384,1.3518602455095576,146.91849063765187,1463.5206139980353,0.6036659,0.17425737,0.14762646,0.04209294,0.0331774,0.03324427
0.025248613208532333,1.3931972789115643,6.250308439273795,1.5867542454980814,154.05161416160593,1556.9456715516367,0.5005976,0.30973747,0.20826219,0.04567704,0.02741163,0.02687711
0.04659256339073181,1.4396371882086174,3.799239296466112,1.5418681081199963,133.40970982634,1634.5214175063668,0.5360078,0.2098191,0.05589388,0.093719,0.04070657,0.0742005,
0.023306598886847496,1.462857142857144,13.311156786046922,1.2537566248272036,156.7225036337436,881.5536366574433,0.09999691,0.24108028,0.32054356,0.16025172,0.18839817,0.05584,
0.04531564190983772,1.5325170068027218,7.570922411978245,1.0913757390547858,152.90908365098932,1158.1014051256375,0.717822,0.27562234,0.06521039,0.05641035,0.00848585,0.00313101
0.04687375947833061,1.578956916099775,5.288880589039763,1.2472964163698257,140.69521761133603,1318.5794669448053,0.4956768,0.04480459,0.02926868,0.08142978,0.21580803,0.13595822
0.0310266874730587,1.6486167800453528,5.881195094436407,1.402427461893793,142.9887889875879,1292.773404594087,0.27727833,0.10198829,0.3853398,0.15141939,0.07455977,0.0417418,
0.026996005326509476,1.6950566893424042,8.979828044772148,1.7979748309828545,136.93745871565918,1822.9476906103807,0.5751359,0.49845794,0.0361466,0.03132668,0.01766846,0.03838744
0.025708971545100212,1.7182766439909307,4.926043257117271,1.5384644536336742,135.28243301410413,1572.5624631226324,0.54182297,0.201993,0.16850756,0.05385768,0.04563272,0.0401559,
0.03396705538034439,1.764716553287982,7.6740463558758165,1.1246321747822272,155.38789695091077,1131.0709515304586,0.39407697,0.19319825,0.25910997,0.12504193,0.02928554,0.03425675
0.0374392569065094,1.8111564625850352,2.1503371205180883,1.3162377818920157,150.72426559263423,1530.7237166388659,0.43348324,0.20019808,0.19723251,0.07863257,0.06333125,0.09129998
0.03380932658910751,1.8575963718820865,2.6627555917948484,1.3211306101312388,139.68006705465586,1264.383247226592,0.2636216,0.25791097,0.19138886,0.11590889,0.16394638,0.05700906
0.02312062866985798,1.880816326530613,10.895419515669346,1.3822091109467451,141.39864870380043,1558.6172551793748,0.72858083,0.10728355,0.05189043,0.03815211,0.03165558,0.07924213
0.02485712245106697,1.9040362811791396,8.156078804284334,1.2714756055414953,152.05841008292703,1549.9348544062202,0.39994404,0.30650276,0.16830023,0.05490591,0.02219874,0.10343259
0.025714784860610962,1.9736961451247175,6.8096557930111885,1.39028932084987,148.76821574806777,1887.7849309813575,0.3048741,0.11332116,0.08855779,0.14478596,0.10529487,0.2563506,
0.027479084208607674,2.0897959183673467,4.114690119319221,1.204901988724128,156.19410724749633,1935.3031710955515,0.4995686,0.34921086,0.08788022,0.08371945,0.03932152,0.03244327
0.032947685569524765,2.136235827664398,7.992272313684225,1.269485695654185,147.17075154254906,1376.991796977248,0.38003317,0.11600369,0.08818284,0.13643019,0.21653874,0.08851726
0.018837526440620422,2.1826757369614493,2.4572089638134003,1.3885600957195343,154.45722278690968,1621.2940364049725,0.71611845,0.0872471,0.07386485,0.07015412,0.03737583,0.03901014
0.027224846184253693,2.2291156462585024,2.37331317178905,1.249538406512451,151.48894151695347,1115.7967911915312,0.1440281,0.31963557,0.3034117,0.24420696,0.07716326,0.01953425
0.032137442380189896,2.2755555555555538,2.9636720777489245,1.4540039133743679,139.1619492044064,1148.0753854122431,0.5487144,0.14639947,0.1436669,0.1122721,0.03719664,0.02776973
0.01067083515226841,2.3452154195011317,8.495927284002391,1.2302804550361384,141.2865413557053,1472.9338581126171,0.25622544,0.1912541,0.16254175,0.34333202,0.06253652,0.02546362
0.01952093094587326,2.368435374149658,4.694670595228672,1.3860486347968213,142.51530519005848,1340.0306091195937,0.23640718,0.33519027,0.155115,0.18361793,0.07790916,0.04394013
0.018494749441742897,2.4613151927437626,8.60143381357193,1.2088364818329784,142.83511513157893,1680.344917628005,0.2992729,0.16193289,0.29057357,0.05043609,0.03662453,0.19437924
0.0222617220133543,2.5077551020408158,15.753098418936133,1.0940418607008375,137.22393570405848,2016.7703416237784,0.25431943,0.6710884,0.14964697,0.01543097,0.00921923,0.01523992
0.03977956995368004,2.5774149659863936,0.027068592875025388,1.5219688273203815,140.63227330561077,1229.8905671850177,0.85093385,0.06704103,0.0225799,0.0345032,0.03460716,0.01241046
0.023949626833200455,2.6470748299319715,4.968159254640341,0.8589974631383999,140.1872271950911,1009.1363240095923,0.39346945,0.30284545,0.1083364,0.0745177,0.03775149,0.05034259
0.023238738998770714,2.670294784580498,6.172532577067614,1.2629262954422904,148.05612154319576,1598.2957765688095,0.25470033,0.30544645,0.23386766,0.08654221,0.06909706,0.10956416
0.24215570092201233,2.7631746031746025,5.178790441248566,1.060545624037092,139.27798380089376,1371.2792577082957,0.575872,0.21520014,0.06301986,0.03422265,0.00796284,0.0142277,
0.04300377517938614,2.786394557823129,2.2918646298348904,1.519898005921173,141.41008508350208,1446.918367477669,0.3795949,0.19036861,0.31376988,0.05965441,0.02951086,0.06056338
0.028295079246163368,2.8328344671201804,15.077019274234772,1.4397344713737468,144.4732004643963,1352.0943496970729,0.26305026,0.42070442,0.15040095,0.09855625,0.07559561,0.01767105
0.027305185794830322,2.856054421768707,6.222435671836138,1.1967600762674449,149.8845257675439,1062.5436051106537,0.13113445,0.15682247,0.15378949,0.29888114,0.25659105,0.04398224
0.020746629685163498,2.9257142857142866,14.026338823139668,1.3737629298400562,163.5861771547026,1312.1004086127327,0.04917371,0.11584703,0.41831437,0.25515214,0.1496164,0.05914208
0.05000046640634537,3.0418140589569176,5.658733090385795,1.4894711664987736,142.71138775601338,1280.2546431824796,0.04366513,0.41349065,0.38603547,0.05270626,0.08303811,0.06981082
0.021277908235788345,3.0650340136054424,4.190785627346486,1.2037167022165256,164.46503066413743,776.5334312520188,0.91958255,0.03699629,0.02860861,0.01644341,0.00375733,0.00821133
0.01051370706409216,3.1346938775510202,4.740961749106646,1.2855584957256108,146.88055787270213,970.6670024058407,0.22869495,0.16051854,0.17653479,0.19126213,0.24005027,0.04598199
0.02637714147567749,3.157913832199545,4.493729727342725,1.7047804639230302,142.4943007496205,884.6438463898644,0.5601652,0.19291212,0.20981735,0.05492022,0.01694669,0.00407337
0.030666429549455643,3.204353741496598,6.517713724635541,1.3062553100527037,150.91392317531546,1401.0600740113857,0.01116699,0.04532219,0.11886325,0.14505449,0.23201749,0.46307498
0.0380980521440506,3.2507936507936512,8.48433555290103,1.2803284790882004,142.76100110162193,1547.8223084259746,0.31316173,0.13522972,0.20765316,0.11677467,0.19139065,0.09339908
0.040792711079120636,3.2972335600907043,9.461741695646197,1.4724234099937208,151.20064497974153,1713.6760662918962,0.7052785,0.05075102,0.07163536,0.08142748,0.06044633,0.02772501
0.029252616688609123,3.3204535147392327,1.9077889695763588,1.1981532958602783,167.66257591093117,1255.4204384363923,0.53298736,0.09311546,0.1979275,0.09748553,0.07943784,0.01950688
0.04028603434562683,3.3668934240362822,3.2574276570230722,1.424770075171381,163.82481319957137,936.3593945383316,0.75098467,0.30352673,0.05054415,0.01891147,0.01815032,0.02858831
0.03119208663702011,3.3901133786848106,10.420330697670579,1.0104200426037726,166.37140917349473,999.3654408580991,0.4077796,0.16111611,0.32064512,0.0950219,0.03699987,0.0076645,
0.016354909166693687,3.4597732426303884,2.054328953847289,0.7840712325313367,134.7667987073203,737.9958730401797,0.01250535,0.07673312,0.41042334,0.11080059,0.08819938,0.01937353
0.021309757605195045,3.5062131519274415,13.825078379362822,1.4601990241064842,142.386766194332,2050.1979264953297,0.26954278,0.34620172,0.11365261,0.05890269,0.08132755,0.17454772
0.024799078702926636,3.5990929705215478,0.3198326142571375,1.2574747438176714,146.8326163967611,1457.9369381111892,0.29330257,0.06018275,0.11427641,0.22593498,0.22094499,0.09797474
0.029753459617495537,3.6687528344671256,5.71203251183033,1.2466500810732,153.18925045323718,1640.3577905252905,0.4454459,0.25577983,0.16917956,0.06043222,0.08647942,0.06475703
0.022066952660679817,3.6919727891156504,16.06229607015848,1.9808476985979027,140.09844362402015,1928.9226635984396,0.6240573,0.22981873,0.05003878,0.03605793,0.02011032,0.06405103
0.034023988991975784,3.7151927437641787,8.225143626332283,1.0751394509722279,144.8445282535159,1237.1566939543322,0.6427363,0.36583096,0.02750957,0.01415416,0.00866632,0.00506574
0.03338777273893356,3.761632653061232,1.430540188215673,1.2894340008547402,144.05093696473065,1457.474145756194,0.03650559,0.22385675,0.31891015,0.27226284,0.14932397,0.04748574
0.028406495228409767,3.808072562358285,4.566938145086169,1.3683408398979122,140.12815241228074,1729.1107320538795,0.70700234,0.07977969,0.05827502,0.05858001,0.03601951,0.05837565
0.015226812101900578,3.8545124716553345,9.743668092414737,1.4603208753403767,152.57533427587012,1127.3466103212434,0.6036344,0.2719274,0.1778831,0.00960902,0.00316726,0.00326845
0.03178152069449425,3.9009523809523876,5.86696619912982,1.4437357352159248,145.3999754870952,1317.2691000203747,0.4716572,0.28710914,0.0773122,0.09143954,0.05725775,0.05397639
0.03532746434211731,3.9706122448979655,4.473910879343748,1.0867798469217949,161.6688721009877,975.9200147237791,0.16310033,0.27922124,0.3423769,0.24067962,0.05646813,0.01170033
0.038448937237262726,3.9938321995464903,0.0003743284643178413,1.3423076274449421,143.83896671745728,1398.1544389705023,0.7052398,0.21037586,0.14516024,0.00516832,0.00543617,0.00459697
0.028442159295082092,4.040272108843544,3.397783149033785,1.4235087588815643,136.3125660499524,1405.9627995420713,0.71002,0.08021941,0.08887448,0.0764244,0.02170458,0.03325274
0.022302426397800446,4.1331519274376465,3.5421937159960635,1.339180997309095,142.25140607747517,1633.0596833691698,0.5782116,0.08614213,0.07334303,0.04366861,0.15721905,0.09412744
0.032129835337400436,4.1795918367347,2.6863992824219167,1.278374257265777,164.5963296058383,1602.9323935821976,0.29022384,0.15882103,0.13361281,0.19012406,0.14756507,0.11247666
0.03760529309511185,4.226031746031753,3.2085967492312193,1.1266768738748874,144.95923741143727,999.8051090041722,0.49288636,0.2679153,0.09964705,0.10755759,0.02793801,0.04456058
0.027790172025561333,4.2492517006802775,12.258083052933216,1.4562600780074408,155.90140771286696,1527.5754879913952,0.740182,0.10351389,0.04539013,0.04530485,0.0299338,0.08020493
0.02136404439806938,4.295691609977331,4.537646032869816,1.4461854937299494,144.9591211884945,1769.9189751735883,0.41279352,0.09097438,0.25863874,0.1054141,0.07182529,0.09109411
0.016264278441667557,4.318911564625855,12.392805164679885,1.2210733197583061,138.41591495283282,1238.4658028908736,0.55721,0.29811776,0.07345515,0.03533233,0.04239577,0.02514918
0.032343603670597076,4.3653514739229085,4.589199885725975,1.3734638182807075,135.00475723777663,1648.9103352751686,0.4819184,0.16519138,0.13797246,0.10608439,0.08380664,0.06701525
0.02168644592165947,4.388571428571437,2.2875832840800285,1.5629992280609255,142.12378554261045,1377.6752927240482,0.31973293,0.19023,0.25386158,0.11176983,0.09937213,0.06549446
0.036540478467941284,4.43501133786849,6.65063001960516,1.3946617117951061,135.71804238066102,1290.190519633097,0.268431,0.26138288,0.17787819,0.17776708,0.11236888,0.07152472
0.029349779710173607,4.481451247165543,10.204753063619137,1.2254020964211927,146.9782779091283,1176.5826069473014,8.0354500,1.8064299,5.8963735,4.2939880,7.3916651,2.7280687
0.02318367175757885,4.551111111111121,3.2555810753256083,1.0851999475488956,147.28715466277146,1510.6693730072159,0.39064124,0.19361706,0.18862647,0.08676046,0.03217025,0.05157375
0.017741218209266663,4.620770975056699,7.604966249316931,1.474763187731316,140.77692651896288,1705.9146220112027,0.306501,0.1405555,0.21358812,0.15351525,0.15356112,0.06075932
0.024123061448335648,4.667210884353752,7.749665040522814,1.356215549795112,146.18198125998896,1422.4787008373182,0.7031473,0.23101072,0.14307077,0.00439694,0.00278845,0.00373083
0.032958969473838806,4.690430839002277,7.00897110812366,1.3062826085779546,158.50761716101596,1363.6150586754675,0.10133566,0.14031354,0.23790482,0.34027267,0.1581841,0.04943479
0.024936242029070854,4.73687074829933,11.947954551316798,1.0725008349446332,161.43810012918183,1392.168390320544,0.07645655,0.28220683,0.48949173,0.11705559,0.04854096,0.03078068
0.01802242174744606,4.783310657596383,9.880797758698463,1.442735578368565,140.47080592105263,1654.2238271815268,0.329178,0.4460216,0.09144974,0.05100106,0.05766264,0.08672772
0.020738234743475914,4.829750566893436,9.797461932830913,1.4578225019357502,163.1074469450163,1697.0467557251447,0.35670337,0.08287977,0.11905031,0.14095666,0.10020835,0.20609972
0.009887819178402424,4.922630385487539,6.5518630519509315,1.1567677326316081,135.44776619708247,1527.6223480068352,0.29940444,0.33495378,0.11728078,0.11262775,0.15637106,0.06997209
0.019255496561527252,4.969070294784592,3.31315085478127,1.1090770013030813,176.76013820254826,940.0235873254736,0.6407326,0.31065983,0.09442679,0.02677219,0.00738854,0.01737242
0.019154779613018036,5.03873015873017,9.722540557384491,1.3655062210379931,138.10123282918968,1265.8973895037923,0.53682023,0.18754217,0.11202367,0.07326267,0.0930846,0.07249629
0.029720479622483253,5.085170068027223,2.675586823374033,1.2377886927113255,141.87568530701756,1161.518128152169,0.30636814,0.17249843,0.1343059,0.21235271,0.17247947,0.03878907
0.030954981222748756,5.131609977324276,12.406709647504613,1.231508748162471,154.53807228537522,1286.6624712695327,0.64014375,0.337665,0.12501745,0.02310857,0.0069391,0.00840783
0.032575029879808426,5.201269841269854,15.225310783833265,1.2921160315935636,162.634670406052,1249.1023919279507,0.2423842,0.20604521,0.15380459,0.2753577,0.11879882,0.0527607,
0.022856080904603004,5.317369614512485,5.9871082082390785,1.6108265548083525,136.48662988115456,1149.6975772897001,0.87514824,0.05689093,0.02719022,0.01358908,0.00870351,0.02870979
0.02042767032980919,5.3405895691610095,18.97082625888288,1.2013974810219714,144.67370101667774,1078.7641541564099,0.64406127,0.1448213,0.07427403,0.04600588,0.04072547,0.07650466
0.028136232867836952,5.410249433106591,2.2153847105801105,1.3886676420465114,135.9952149515781,1538.8953017233525,0.55812633,0.12709291,0.12026398,0.12539528,0.05617445,0.05230428
0.02091711387038231,5.479909297052169,2.077590450644493,1.2126714023311078,127.34699329791725,1254.6591768304243,0.25883996,0.2779732,0.2543572,0.08682061,0.09373701,0.0711898,
0.027649393305182457,5.526349206349218,7.764384548645467,1.356941715465296,158.90271324070667,1556.0055374581834,0.45851058,0.24504738,0.06948023,0.19973303,0.05407012,0.02721778
0.044690292328596115,5.596009070294796,4.115507002645018,1.336983667956049,136.57102485388108,1519.9768999773182,0.32864064,0.18437898,0.2732766,0.1370163,0.0611166,0.06807932
0.012475612573325634,5.642448979591846,4.864833705127239,1.4525053458283554,140.1401189271255,1414.662420632729,0.6936241,0.15958251,0.04211003,0.06142986,0.05059625,0.0685698,
0.023729795590043068,5.688888888888895,7.851301793009043,1.271970655021479,152.62291969262333,1079.2267906445727,0.15733717,0.1099272,0.19203168,0.39441663,0.15886383,0.02414466
0.023938853293657303,5.758548752834473,2.071133378893137,1.2597382886371435,139.68006705465586,1180.523486204063,0.37409475,0.17876902,0.20153195,0.12294798,0.11045185,0.06450849
0.037358056753873825,5.874648526077104,3.8862943928688765,1.2304459610362757,143.16048698512589,1440.4683394702909,0.4423264,0.18149172,0.15839429,0.1556437,0.10806198,0.03194157
0.07666164636611938,5.921088435374157,3.6635951343923807,1.2456256323083523,165.18787553394978,1353.828357060744,0.54597396,0.19621839,0.16737673,0.05053878,0.038319,0.03377659
0.2318888008594513,5.990748299319735,7.655048023025302,0.8944369828215448,132.04793799843816,882.0661147446006,0.84199303,0.09578417,0.03205363,0.01687757,0.01100799,0.0027239,
0.008531550876796246,0.06965986394557824,9.85296288691461,1.3533492624928496,147.10247062341688,1640.0627709458104,0.3533599,0.18968919,0.30824867,0.09407438,0.04737847,0.05348776
0.08567516505718231,0.11609977324263046,3.2419506253208965,1.3102997598979937,144.39905717651794,1750.601737040462,0.5258993,0.10630973,0.07570424,0.11212607,0.15234682,0.05290583
0.2649565041065216,0.1625396825396818,3.1706869727931917,1.46721068543671,145.24096597550894,1557.982279744274,0.55661833,0.19780079,0.12738492,0.09019861,0.06604637,0.05671198
0.22744257748126984,0.2554195011337862,9.167111336253583,1.8722372181228042,142.4570510396145,1853.9126101843947,0.47768596,0.25721738,0.11589774,0.04836151,0.05297637,0.09134791
0.08326537907123566,0.3018594104308375,17.884302034974098,1.4861018907524153,154.67428459698195,1579.416972437827,0.5039549,0.14368181,0.12142964,0.13057584,0.09637783,0.07237275
0.9674243330955505,0.34829931972788886,6.452919088304043,1.2252609755222912,148.5794761991459,1188.3968739313464,0.5465596,0.11444921,0.26383385,0.06759682,0.01889877,0.01303886
0.05085610970854759,0.3715192743764154,4.763006668537855,1.4030207911178223,134.9749862938597,1361.8435255214224,0.22851522,0.4997683,0.1394234,0.05579853,0.07891611,0.07594085
0.06377476453781128,0.4179591836734685,9.124246784020215,1.3997560866427725,138.7369388544892,1328.0073739020868,0.8311842,0.08352753,0.04110705,0.03860605,0.01700768,0.00511203
0.048445988446474075,0.4876190476190464,6.093956278637052,1.2452136972991519,134.5235945134188,1206.2354907515285,0.30019897,0.40269256,0.21161838,0.06481153,0.04440296,0.02592056
0.04275292530655861,0.5804988662131526,4.8457041047513485,1.2659798672954703,138.0688827003589,1552.7831486982707,0.5915201,0.5950775,0.05344987,0.01210715,0.01033972,0.01284251
0.03603259101510048,0.650158730158734,2.156436262652278,1.392218076520931,129.46744432760818,1529.601409873257,0.3159846,0.05681443,0.20562531,0.22920667,0.14012274,0.0824521,
0.0473056435585022,0.7198185941043119,4.282825954258442,1.2970549360187826,151.74950974190284,1126.8127341650547,0.4496158,0.05723558,0.04324707,0.27386642,0.10346194,0.06731389
0.02657429315149784,0.7662585034013615,9.23941034078598,1.1730176848356748,151.75573261716357,999.1182995537341,0.8439285,0.1611079,0.02220986,0.01931488,0.02006209,0.00562778
0.03427811339497566,0.8591383219954641,5.442740633850917,1.3172331483058808,135.22320634779524,1232.4208629340267,0.22834855,0.23070516,0.22687744,0.15876408,0.21871085,0.04866763
0.02455233968794346,0.8823582766439889,2.869704306125641,1.313066046310165,140.35100316853718,1042.7167013728424,0.47056305,0.42775962,0.1356194,0.02998473,0.01615773,0.01674755
0.03156425058841705,0.9287981859410385,1.9729893133044243,1.3263562656008097,140.77455645892428,1358.1123487334207,0.46051544,0.14559628,0.2190677,0.13041502,0.06174062,0.02412241
0.05259964242577553,0.975238095238088,11.961912926286459,1.2626450605899062,146.71505689006716,1795.3962150124628,0.4929954,0.18846609,0.14407383,0.10102832,0.06863916,0.0485434,
0.030606554821133614,1.044897959183666,10.672984879463911,1.379396263952975,138.09401433270676,1717.6599197642695,0.5403755,0.3742607,0.03007149,0.03715838,0.02425368,0.10010346
0.0451652891933918,1.0913378684807191,11.157518282532692,1.530871546766851,145.50861273315815,1380.032381675867,0.35394955,0.28103477,0.12977599,0.14542192,0.11136953,0.04922499
0.030146367847919464,1.114557823129244,4.481453187763691,1.426281790120945,140.26438481536505,1369.2429153946562,0.7174893,0.06819228,0.06422087,0.10206293,0.05568205,0.02144659
0.05126697197556496,1.2074376417233466,9.101293405517936,1.5702973470830026,141.03618421052633,1655.9191960073667,0.78241754,0.12949874,0.02483184,0.03609418,0.02637347,0.02822937
0.033866655081510544,1.3003174603174528,5.060226898640394,1.3514459331087854,149.00283435953668,1287.6712618919194,0.56968015,0.35475016,0.1184097,0.03038543,0.01719519,0.02394647
0.03894760459661484,1.3467573696145059,3.244070385582745,1.3342352237677215,138.92389112903226,1636.1401786876997,0.3353054,0.03993937,0.09294625,0.07792185,0.2747757,0.15166825
0.03058471903204918,1.4164172335600838,10.908886585384607,1.2182047638033278,140.76288508982796,1219.4684556278944,0.5939423,0.10987585,0.09471565,0.05953613,0.08259444,0.06336299
0.017189623787999153,1.5092970521541864,12.864567540585995,1.4509883752326729,140.04748795895574,1532.517091308756,0.7206357,0.284457,0.0531906,0.01976881,0.02880027,0.04112391
0.03646640107035637,1.5557369614512395,13.258548088371754,1.5489467982424678,148.27475012651823,1636.277133797551,0.40694737,0.11001088,0.07449865,0.20191196,0.1077628,0.13286759
0.02858642116189003,1.6021768707482926,7.916390761570881,1.3341768738165907,156.94900766077967,1367.6320753817233,0.46115324,0.17668301,0.11686683,0.07939233,0.08855916,0.08296705
0.02798127569258213,1.6486167800453457,2.4095563162118196,1.2428345671039975,166.4182189110232,1096.882798873855,0.5476239,0.22024888,0.14169155,0.06656931,0.00704707,0.02913142
0.013904137536883354,1.6950566893423988,6.571155294775963,1.1751085856095502,142.16492232447263,1069.7690011586744,0.6537117,0.33631322,0.02796883,0.00675293,0.01594085,0.02167526
0.020269878208637238,1.741496598639452,2.5646483670383304,1.1780876778059661,160.98312534116403,1257.848246856011,0.59863263,0.08810898,0.16556148,0.10753695,0.04226178,0.02481934
0.028096631169319153,1.787936507936505,12.14749694056809,1.5145198708748036,141.68195428475033,1474.1665167084948,0.39714575,0.11618181,0.05927794,0.0174158,0.15845563,0.24974251
0.031842488795518875,1.8808163265306077,9.010028660297394,1.4107012835590993,141.15943011618145,1515.1299200583455,0.4976102,0.45012945,0.14134422,0.04178893,0.03270609,0.05312097
0.01910964585840702,1.9504761904761856,13.540743499994278,1.4852353964188911,140.48125975691352,1555.6157695127172,0.28305155,0.17143479,0.14353886,0.22178426,0.07914189,0.09859509
0.02385406568646431,2.0433560090702882,0.06934062376501515,1.5356815143966978,139.47471217105266,1330.193371155291,0.3548056,0.240938,0.11295749,0.0674387,0.08709794,0.15631771
0.014070137403905392,2.0897959183673414,5.17742670699954,1.2335689332592181,150.47734269568153,1219.8777421067518,0.23990315,0.6080399,0.13017726,0.02724512,0.01566203,0.03947291
0.020027974620461464,2.1130158730158697,1.7049684822559357,1.2849932813439062,143.71209395559217,1627.506071494149,0.69876045,0.1738379,0.09761725,0.0506102,0.02825876,0.02194726
0.018741311505436897,2.1594557823129192,6.827108643949032,1.193946824922106,143.1996984649123,1286.873215608346,0.49580967,0.27948454,0.12850682,0.0734685,0.04642551,0.03598168
0.017717277631163597,2.182675736961444,13.552154824137688,1.7009751012528112,142.12339114145868,1832.6830928476888,0.45869914,0.20865881,0.21245089,0.12227859,0.03454858,0.07128124
0.031707514077425,2.2755555555555502,6.969534587115049,1.2321015540135256,139.45964008290883,1448.263395832376,0.77186173,0.13576461,0.10034097,0.01493521,0.01401705,0.00491292
0.01869826391339302,2.345215419501128,3.8052821718156338,1.2473072768938946,143.3838519621826,1554.5113972349545,0.5848527,0.17177059,0.11552408,0.05963181,0.0649149,0.05544226
0.014305539429187775,2.414875283446706,6.3507963102304075,1.2787562578108032,136.1064748131423,1139.3775436360122,0.5426354,0.57354814,0.07228389,0.05141623,0.02180154,0.00849908
0.028866881504654884,2.4380952380952308,13.374502573162317,1.426898900359805,142.82350912563666,1621.2668947872073,0.72943264,0.06810792,0.04634963,0.02920936,0.04099683,0.09577193
0.028742218390107155,2.5077551020408086,4.515264946967363,1.4429590526694644,143.75678016517358,1743.7426562277194,0.71892077,0.09657057,0.0509188,0.04026046,0.04625806,0.06663714
0.01177024096250534,2.5774149659863865,4.4192065224051476,1.2097302325478654,149.5630213423147,1587.5492266349884,0.6578085,0.20702335,0.05918173,0.02212542,0.03939099,0.05717184
0.01851993054151535,2.6006349206349113,8.64390982594341,1.2939044678822813,154.6877635796221,1592.6364088255107,0.3858929,0.1463421,0.16470186,0.11465461,0.13648894,0.08251584
0.028238406404852867,2.6470748299319644,3.3670936301350594,1.104594138876668,137.52077336896932,892.5934658677779,0.56986105,0.27413166,0.04104,0.01685969,0.00598309,0.00509971
0.020706940442323685,2.7399546485260706,2.9887167923152447,1.435952131496525,139.77693256578948,1200.3239642149786,0.9121858,0.03339931,0.03150824,0.01081404,0.01054884,0.0107232,
0.017688216641545296,0.0696598639455781,8.529487155377865,1.2503225196129806,141.29948228169857,1401.8170967551644,0.6025537,0.52154905,0.08664586,0.03107408,0.01276177,0.00779485
0.006555191241204739,0.11609977324263032,15.82605879381299,1.3632548935018873,142.7141929110869,1173.845019418843,0.7990689,0.05886244,0.01974417,0.02104896,0.02335117,0.08864301
0.025268753990530968,0.13931972789115687,9.076325483620167,1.436052140315897,138.2154605263158,1205.7321260378253,0.11655255,0.08675897,0.15155391,0.41303125,0.22165172,0.04098453
0.023067930713295937,0.20897959183673565,11.324526098556817,1.568673489957987,135.869040923143,1156.8065831025028,0.32475325,0.21140982,0.1744818,0.22627312,0.12811773,0.01710326
0.023331666365265846,0.255419501133787,15.863823812454939,1.1299384041226237,145.24816384981852,687.0076750369202,0.5908978,0.3378966,0.05042445,0.01193151,0.00756521,0.02598661
0.032019056379795074,0.2786394557823135,5.2165860598906875,1.5641875731353452,139.73437455477662,1126.5687773054071,0.47419578,0.11066677,0.21042003,0.0978208,0.0506222,0.07817916
0.023375675082206726,0.32507936507936663,2.639073219150305,1.316657502519816,136.22643329986943,1503.4776452668038,0.60284996,0.09979571,0.04158757,0.06270429,0.05736615,0.15748228
0.03412212058901787,0.37151927437641974,9.860881179571152,1.043549517273288,151.4796134940307,1525.6217939816706,0.35948497,0.27696463,0.10313733,0.08987703,0.04454972,0.12722278
0.020842092111706734,0.3947392290249445,1.2892083954066038,1.2159965261235637,140.82545230263165,1742.714149090315,0.20146109,0.03616203,0.05147118,0.37510166,0.20060238,0.15409409
0.030695440247654915,0.44117913832199407,7.749579221010208,1.257525320809742,150.05708324583762,1336.4063530073079,0.08259512,0.24436574,0.34879005,0.16455786,0.19091372,0.03112104
0.039435092359781265,0.510839002267572,8.772855095565319,1.385574208454366,156.39577813965852,1270.38210357987,0.3925257,0.36209378,0.13971563,0.10148077,0.05877521,0.04425343
0.008928847499191761,0.6037188208616782,8.293847730383277,1.182325643313459,137.1037565769268,1434.3960119880144,0.50188464,0.06644733,0.11405168,0.06878887,0.13528399,0.12029568
0.00927573163062334,0.6501587301587313,0.19588931493149175,1.5828719572913668,144.60236447568187,1291.1540207173523,0.46427414,0.2094708,0.1096274,0.12305787,0.08764103,0.03272231
0.001549255452118814,0.6965986394557844,3.602787216193974,1.1915892913011341,171.98777949024657,996.1030235256734,0.02702836,0.04359286,0.09620675,0.6311943,0.16196947,0.05747065
0.02713136374950409,0.7430385487528375,8.35214151442051,1.4651509165410168,141.63304379111844,1593.92325222342,0.44918784,0.127432,0.07928181,0.10935094,0.17111152,0.0855162,
0.009615148417651653,0.7662585034013658,8.878581090830266,1.2417477558350571,138.70775664101296,1349.224919707799,0.31964123,0.18076918,0.1360789,0.1732699,0.14329495,0.06702931
0.027853844687342644,0.8126984126984189,6.007469765841961,1.3113519808849021,141.24685705367358,1418.9787743478594,0.65354526,0.47809958,0.089026,0.03829044,0.01736118,0.01672404
0.08358607441186905,0.8359183673469437,1.4131091446615756,1.2610689787319032,146.39090966599193,1182.4033729268099,0.44035932,0.34309334,0.12632789,0.20904662,0.03135328,0.02604277
0.0565333217382431,0.8591383219954685,5.938395258039236,1.3113247282077316,142.7903485289382,1459.8661156813566,0.799763,0.10627982,0.05224472,0.01849939,0.01107601,0.03862991
0.010757297277450562,0.8823582766439932,7.808600882679457,1.3165275761415536,149.10673240462256,1085.298924508785,0.26845998,0.13684385,0.25941712,0.21007866,0.1633457,0.03348482
0.04722197353839874,0.9287981859410464,9.829673737287521,1.4439988898297431,133.4498534976537,1342.2594842259468,0.5844914,0.2272525,0.13269073,0.02593883,0.0094118,0.06138039
0.04695781320333481,0.02321995464852608,2.0836784224957228,1.3970321157041115,140.6299740025467,1765.4592957558307,0.6442753,0.07090444,0.1323965,0.10763373,0.02736855,0.045777d85
0.0885387733578682,0.09287981859410441,10.848999969661236,0.9771451373125409,156.91917281745353,1010.5765211129959,0.34967732,0.31909472,0.18176562,0.10333976,0.0193155,0.00643283
0.03748534247279167,0.1160997732426303,15.446735173463821,1.363827466834196,143.49656819331986,1123.3914238223028,0.03024488,0.44518304,0.2867908,0.20043409,0.02518869,0.03647318
0.004789610393345356,0.1857596371882084,3.3863450661301613,1.338019043889437,139.79335758724258,1743.6160441242778,0.34439445,0.04414152,0.11066622,0.08507881,0.11389279,0.32387134
0.009421918541193008,0.2321995464852604,2.6815430372953415,1.1885956570740992,139.49709886695908,1169.0254168432848,0.64815444,0.04993584,0.08255465,0.02916158,0.01517512,0.01198047
0.06426727771759033,0.32507936507936463,4.388015436008573,1.15137365578177,143.25107918152156,1131.0457431016757,0.41145417,0.45528722,0.14051594,0.08808785,0.01582377,0.00579159
0.05538912117481232,0.37151927437641685,3.279191680252552,0.939984100607095,143.20068808658453,978.8931072063759,0.57239866,0.2742294,0.03352521,0.011646,0.01328775,0.01257873
0.11334306001663208,0.39473922902494296,2.0100001927715425,1.5280090371907893,148.95811740135937,1414.025959365337,0.505279,0.14925787,0.17456406,0.05302856,0.03628587,0.09247033
0.03979314863681793,0.41795918367346907,10.485631063580513,1.4053621504985303,142.41920230263165,1230.304843413993,0.25239936,0.19082105,0.16921636,0.23161407,0.17965932,0.06886375
0.00425764499232173,0.46439909297052084,2.369578756392002,1.2484434526835062,149.87340304254877,1094.3025429412335,0.51810294,0.31814578,0.16190143,0.04747537,0.03706123,0.0170403,
0.008786673657596111,0.5108390022675731,2.9065380953252316,1.4632612731306631,140.77107860110803,1612.4290064959773,0.3149552,0.08795325,0.15825285,0.21433188,0.10809277,0.15021616
0.06179763004183769,0.5804988662131509,8.743727639317513,1.2762216401122757,141.73816731893737,737.6524056649279,0.2159261,0.2262764,0.23086253,0.14603335,0.22783619,0.03868092
0.043982069939374924,0.603718820861677,0.8152058298094289,1.0227563092808944,145.7229847107599,982.7487983407868,0.29667735,0.09071613,0.13230053,0.12659192,0.09085304,0.06698401
0.11061099916696548,0.6733786848072558,5.127847962547094,1.2266342586142833,140.16941086000762,2110.2126555086775,0.53135806,0.18793517,0.13929453,0.07258139,0.04002978,0.08123503
0.03678921237587929,0.6965986394557815,5.408249463886023,1.4421582986032768,140.22514077832295,1577.6513612195663,0.63534486,0.14389533,0.02427933,0.03900303,0.09331421,0.16665994
0.007043126039206982,0.7430385487528337,4.7120448863320235,1.610569186494316,147.69736842105266,1554.779303676541,0.4944665,0.12479097,0.15538204,0.09140514,0.04717503,0.05359853
0.007105427328497171,0.789478458049885,4.954789321869612,1.4197595474271367,151.20684666189592,1717.128784535985,0.5135578,0.28929892,0.11705943,0.06226543,0.03323952,0.06859335
0.00577853387221694,0.8359183673469373,13.204096430912614,1.3635061480503703,140.8394261410362,1654.752453289913,0.26779276,0.08360235,0.10232965,0.17764413,0.06460796,0.20813647
0.03256538510322571,0.8823582766439886,18.750005144625902,1.655063513021441,143.61408415407973,2062.464527469531,0.74325645,0.04335984,0.11392719,0.00944154,0.02311399,0.08174209
0.014115255326032639,0.9055782312925151,4.905326186679304,1.4690835076239002,145.43238817735912,1322.4340393911054,0.5760018,0.22737694,0.10474806,0.06460422,0.07299322,0.03782061
0.015177666209638119,0.9287981859410417,17.869303377345204,1.7913927737806739,140.9312465734649,1429.2167185580927,0.8313602,0.06113069,0.0282756,0.02545144,0.01789401,0.04165173
0.04764566197991371,0.9984580498866196,1.452986590098476,1.1360308332864564,138.7689048345568,773.0503283224663,0.11531815,0.36395597,0.37389934,0.1876037,0.02071803,0.00887785
0.050938043743371964,1.0448979591836718,7.415891446173191,1.6217659121950416,143.9075547191296,1374.12260274051,0.7548913,0.08168999,0.06170983,0.02813631,0.04103363,0.05802562
0.02997245080769062,1.1145578231292514,3.9750954750925303,1.2343014216200334,146.49114165062724,1350.1578467139782,0.5599253,0.13758777,0.09104221,0.09551284,0.08388994,0.06035536
0.035331882536411285,1.2074376417233559,6.0840533673763275,1.2394603731560745,139.29871323529412,948.9900287322937,0.41692352,0.09807722,0.21147928,0.1947985,0.06738019,0.02406707
0.024804582819342613,1.253877551020409,14.167631924152374,1.2562745241842959,142.60373539587118,1135.313599689948,0.21352799,0.11428765,0.29066268,0.229228,0.14823112,0.04878427
0.05107220262289047,1.36997732426304,11.802874319721013,1.177974058158331,138.39064418513973,1159.6628735050997,0.13646735,0.15238662,0.35702685,0.06989224,0.12413361,0.08199876
0.03625686466693878,1.3931972789115648,3.333500212058425,1.1739162677143162,149.7058074811762,1492.4883261842929,0.2055401,0.27620113,0.18709864,0.24254923,0.09387562,0.11800905
0.040018048137426376,1.4396371882086179,5.258722005877644,1.186623989636347,132.24747617967336,1633.7072074461282,0.38768375,0.288914,0.12893198,0.07564008,0.05003779,0.08787601
0.017988739535212517,1.5092970521541957,2.5336976163089275,1.1772813911168432,140.07693075174151,1588.532823435043,0.5584299,0.24078451,0.12489207,0.03976175,0.02125098,0.02972978
0.023221267387270927,1.555736961451247,1.124190078349784,1.3809517917565137,141.09814919345013,1039.3246032976583,0.22019005,0.24413215,0.28994882,0.16091122,0.08447165,0.03906237
0.055400554090738297,1.625396825396825,12.187363296747208,1.3966160503603973,141.8237429314821,1456.192189518631,0.8688543,0.03176009,0.03240045,0.05161854,0.01684518,0.00738654
0.03918231651186943,1.7182766439909294,12.62164956703782,1.039756465422836,136.66379946304184,940.655921500842,0.54902995,0.40015543,0.07097122,0.02497586,0.01374588,0.0026381,
0.03605801984667778,1.7879365079365073,5.209710344672203,1.4706667512683116,139.09757159442728,1110.48236791637,0.54978156,0.19787475,0.07979991,0.06342167,0.06566527,0.09922124
0.02417309209704399,1.8111564625850338,17.30596970644484,1.3277773374350679,142.39154657020615,1350.5633560042402,0.25829628,0.43139344,0.19380823,0.09022003,0.03434592,0.07192803
0.020573440939188004,1.8575963718820852,6.38151741027832,1.2585959614156623,141.66369198235975,1580.4831380906378,0.26511005,0.21377476,0.17177092,0.17268561,0.13941567,0.07242166
0.03314422070980072,1.9504761904761896,14.59120374917984,1.2573150725326203,145.56395495951418,1422.8250284654775,0.15762277,0.25632134,0.30561095,0.15902664,0.09841706,0.05515635
0.035556793212890625,1.996916099773241,8.010338261723518,1.0404310025127514,135.933836297711,992.1171971188702,0.6497031,0.14729865,0.12078171,0.08492148,0.01545751,0.00675839
0.05795780569314957,2.043356009070294,0.6599022233858705,0.8987688184802883,148.1247382719703,1294.7791970853739,0.32930803,0.26844177,0.15592523,0.07437603,0.03363847,0.02785399
0.03947402536869049,2.0897959183673454,18.214905232191086,1.0232674090814433,134.6073334560177,1029.7626085909214,0.5414232,0.21769312,0.17192501,0.05214116,0.02987802,0.01366729
0.04283323511481285,2.18267573696145,8.376257160678506,1.4537670976567947,141.33053795163175,1415.2608500542876,0.5287122,0.14285342,0.16444945,0.08852686,0.05537104,0.0614275,
0.057186126708984375,2.2058956916099746,5.982234559953213,1.0959386854317856,154.0190686677632,1020.0242452386294,0.55992424,0.15446551,0.08701199,0.07146871,0.12009553,0.07501751
0.0742761567234993,2.2755555555555524,0.061656475166273594,1.5803196205063608,140.55818256578956,1079.1717934404971,0.30992022,0.08889982,0.21266025,0.30930564,0.08531909,0.02792635
0.050530336797237396,2.3219954648526056,9.211654037237167,1.4074219788574078,137.15049342105266,1538.4961532780994,0.586626,0.13450143,0.06009954,0.05557009,0.04587499,0.14201894
0.031887486577034,2.4380952380952365,4.8708812184631824,1.4699828820671332,137.30185174682404,1517.158798092425,0.80976236,0.01894698,0.0256904,0.03294396,0.03393069,0.08327366
0.03577948734164238,2.484535147392286,14.238478157669306,1.264471367202466,147.0486834663015,1159.4567056765875,0.5149288,0.18636544,0.11975545,0.0875349,0.07095792,0.05888539
0.022694407030940056,2.5774149659863923,4.455392375588417,0.6804334024845714,156.3873968684824,1111.7398606308384,0.6120132,0.24474742,0.10067757,0.0526436,0.02038715,0.0087653,
0.02789587713778019,2.670294784580495,7.766710454598069,1.2721738535123355,149.7253793203629,1341.2784681928115,0.5378639,0.19694445,0.10837385,0.08534549,0.07464271,0.04757578
0.044248852878808975,2.786394557823126,14.411955576390028,1.742215120967223,141.97077672454063,1862.465328184194,0.80661505,0.07789496,0.04707406,0.01592936,0.01194256,0.0843785,
0.07236503064632416,2.832834467120179,0.9960229778662324,1.3080489726473656,139.85731033034716,1535.3227305789244,0.26327607,0.06292229,0.08306571,0.09421364,0.14806943,0.3655444,
0.04316399618983269,2.902494331065757,8.139339689165354,1.2668941945493117,142.58807166258254,1009.8584850009613,0.43881094,0.20604502,0.21098185,0.10128785,0.0947806,0.0399862,
0.020617332309484482,2.9489342403628065,16.651287522166967,1.3761865324604843,141.50598193952425,1327.8438142599446,0.1832286,0.08986037,0.42463845,0.14360371,0.11798884,0.06734493
0.03267570585012436,2.9953741496598596,4.842604253441095,1.364000905583603,150.58603334713536,1126.655059514407,0.32104483,0.22127408,0.09378321,0.19621648,0.13753319,0.09315887
0.03553386777639389,3.0418140589569127,7.330632095225155,1.3496718363371127,143.82391664123898,1559.419754842506,0.49113336,0.4241934,0.10914356,0.03538606,0.01111975,0.01131472
0.046331387013196945,3.134693877551019,17.253401771187782,1.4635331442033308,143.09267918652864,1530.7121072365383,0.76403296,0.10639647,0.09083316,0.03852855,0.01835952,0.01705021
0.0761290118098259,3.25079365079365,4.34521434828639,1.475577153926122,139.20607182017545,1354.9744605730461,0.53127587,0.10214272,0.19156286,0.0680537,0.0572217,0.04707349
0.03949134796857834,3.3204535147392313,3.550547644495964,1.4902704420584223,137.34237938596496,1222.1496304371838,0.50533515,0.24121548,0.14956225,0.03680746,0.03059642,0.06103983
0.01697666198015213,3.366893424036281,10.01819308847189,1.6752293795328317,151.35431636689586,1250.2538141271993,0.6496434,0.1358815,0.10548184,0.04058512,0.02423643,0.04680686
0.014222240075469017,3.4365532879818588,9.73285754059907,1.4848332731025613,145.5424750443909,1100.5995985105242,0.04475704,0.13944322,0.23558433,0.17618045,0.29052052,0.13956514
0.022501114755868912,3.5062131519274367,7.260863896459341,1.2451930265578086,145.294576585695,1820.456036582986,0.683966,0.11035942,0.0766029,0.07686815,0.05055375,0.04617845
0.022534204646945,3.5526530612244898,10.660977527499199,1.6359814050202086,139.87634716932135,1323.7620414034184,0.5132548,0.0936859,0.19015405,0.06489348,0.05604827,0.08855519
0.04567514359951019,3.6223129251700676,6.488723587244749,1.2638758051089802,141.3038852594774,1453.4399995308013,0.77923614,0.09908895,0.02839464,0.02595057,0.02461382,0.03607485
0.10357768088579178,3.715192743764174,5.129616942256689,1.5013839780612255,139.8049159356726,925.8988741694709,0.6105989,0.21976958,0.11848204,0.04319023,0.00523302,0.02141073
0.044888462871313095,3.8080725623582765,7.400583826005459,1.7095490758664267,139.4653904380981,1482.1797859815665,0.63260394,0.07735667,0.06141446,0.10671697,0.06829754,0.07423632
0.02144022472202778,3.8545124716553296,12.063400141894817,1.2136636183826046,139.71500215703193,977.8345968264988,0.0376401,0.1419804,0.28766528,0.3015016,0.22962669,0.03274519
0.0294028390198946,3.947392290249436,8.565191809087992,1.622535069821351,144.93853595320275,1666.9237753798195,0.19785845,0.3141403,0.30848056,0.09729454,0.07656342,0.05596622
0.030537493526935577,4.0402721088435385,2.7609420232474804,1.2980516108147593,140.14606870281216,1592.0769443630597,0.4171809,0.19742979,0.19945076,0.0966546,0.05838143,0.06498684
0.06850334256887436,4.086712018140588,4.441464005958551,1.2081828667605001,139.3825515561741,1320.5063089617106,0.5666846,0.19706313,0.10259643,0.03510934,0.05431622,0.09272242
0.05387631058692932,4.133151927437638,6.277558108791709,1.2788505787695177,145.33376860544237,1824.6902918526355,0.54265606,0.12424509,0.11710369,0.06092195,0.06040927,0.1317587,
0.028800925239920616,4.156371882086166,5.797162260860205,1.7432699481675356,129.9397089198287,1795.7439799143503,0.21795097,0.30703813,0.24384533,0.17281236,0.10857785,0.03341984
0.022522911429405212,4.202811791383219,5.432377148419619,1.1776206280962573,147.46432855321555,1465.1909048864552,0.32212391,0.1616126,0.17799206,0.16789676,0.11880425,0.0860962,
0.016958247870206833,4.272471655328797,3.0952799022197723,0.9330984886362337,128.54440789473685,775.9713116328829,0.2857649,0.44376266,0.15991987,0.12413894,0.0620424,0.00137674
0.017767824232578278,4.3189115646258465,10.447477750480175,1.3063565401524069,140.37366277917738,1318.995759944708,0.1371801,0.08991623,0.19798978,0.37270933,0.16598098,0.06676771
0.026464739814400673,4.4350113378684775,10.28226863592863,1.677840284500186,149.36759660752264,1811.9312565708337,0.7118264,0.11914306,0.07594351,0.05203002,0.03033418,0.0336998,
0.039257414638996124,4.504671201814055,9.863300755620003,1.40917621995461,140.92753731537346,1614.3012794397264,0.34778783,0.14854945,0.13939048,0.08298497,0.11691087,0.19669998
0.07910666614770889,4.5975510204081615,2.2040369156748056,1.0452712069812766,146.25381647788166,1207.5002274518708,0.24379183,0.13009146,0.26002008,0.1449072,0.09484082,0.03768035
0.0395517535507679,4.713650793650789,11.12376702716574,1.3364926818091123,151.85485098526067,1269.8462014776483,0.441015,0.3409742,0.16276345,0.09623349,0.03049131,0.00554135
0.028601763769984245,4.806530612244892,18.007131736376323,0.9217064124611176,161.31418197163435,724.1628389430251,0.13893506,0.2332249,0.07694199,0.29178172,0.2628538,0.02520953
0.033457864075899124,4.829750566893416,9.587740723975003,1.478018552387415,137.8880550986842,1867.516290686795,0.6170762,0.2967382,0.09409169,0.08404915,0.02744378,0.02757312
0.017318224534392357,4.922630385487519,8.10499731451273,1.1992851371330213,143.76386690119804,1578.1501279831773,8.7996727,1.2421022,1.1629855,6.6939509,2.4858189,5.4687139
0.026542240753769875,5.03873015873015,4.758388936519623,1.3822580759298522,144.02690686677633,1313.3852700675013,0.39686784,0.20446455,0.22745815,0.10954936,0.05293667,0.04398957
0.0442483015358448,5.0851700680272,12.355994708836079,1.5383939346109499,141.86072234188308,1750.9805114301241,0.49559307,0.31011626,0.1242585,0.06859763,0.02565383,0.03792581
0.026369983330368996,5.1548299319727775,9.347379513084888,1.5338520373723605,139.6126823512586,1566.219818712822,0.72863233,0.0949638,0.07538003,0.05328949,0.03296347,0.03209293
0.027442099526524544,5.247709750566884,13.918751310557127,1.2218983282131453,148.0741141836365,1291.6962430273377,0.1600309,0.62426555,0.04220921,0.11754904,0.0849493,0.00942023
0.0830492377281189,5.294149659863937,5.380626056343317,0.8797122055556124,147.74817623079832,972.8937365967523,0.6059233,0.0983789,0.07783937,0.08286698,0.02514172,0.01572923
0.04057593271136284,5.317369614512462,3.8917466551065445,1.2494415438513145,139.85402960526315,1631.4172135480228,0.3617094,0.06257329,0.06536947,0.11809759,0.2690531,0.15317312
0.06355614960193634,5.363809523809511,10.82222467660904,1.469139281837248,139.51089348591552,1647.835354486822,0.6495099,0.22073999,0.12201909,0.0558653,0.02448551,0.02257526
0.16273318231105804,5.433469387755089,4.059351957066497,1.3568818117598211,150.48852531236273,1480.1023114570164,0.55730444,0.12116705,0.12276057,0.07674894,0.08983679,0.08033226
0.08867862820625305,5.526349206349195,5.954865914769471,1.1069454596501949,139.06012778340082,1266.8467328046022,0.4753963,0.5740937,0.04862102,0.01778085,0.00604444,0.00791769
0.03156840056180954,0.02321995464852608,6.114554577507079,1.1995297977278347,146.360868777604,1525.639625721314,0.20712008,0.12112862,0.2553988,0.11942127,0.207738,0.10207848
0.07509209960699081,0.06965986394557824,3.089207973331213,1.259067583068875,133.20064076206148,2001.3125748130308,0.4437736,0.26371726,0.0979764,0.13060187,0.07919123,0.05675378
0.03444819152355194,0.11609977324263046,6.670571364462376,1.5798062370583394,139.98299192583735,1550.1235481785427,0.8742658,0.09582445,0.02435963,0.01021519,0.01016254,0.01237301
0.08111392706632614,0.18575963718820868,16.41073176637292,1.1935644645656407,126.62299152327935,1045.6460472960296,0.84769076,0.20074764,0.01599328,0.02016854,0.01063409,0.00120144
0.13283886015415192,0.23219954648526078,2.207791383654694,1.3589958830540687,133.92962492848974,1209.050614005074,0.37756562,0.16929623,0.09927086,0.17750612,0.14414302,0.06804506
0.13444064557552338,0.27863945578231275,3.834873355925083,1.206922132510968,139.3376587362301,943.0515520197805,0.50838196,0.13611174,0.04740117,0.12015904,0.17376624,0.04213127
0.024346742779016495,0.32507936507936475,3.77751145651564,1.038686196291914,135.9377808340256,805.8352586569006,0.47141767,0.3847339,0.08392072,0.03750651,0.02895536,0.00815466
0.06499102711677551,0.4179591836734692,9.996711201965809,1.1562282975305875,144.7741114885985,842.2810356793389,0.11809102,0.17004892,0.2013747,0.28993028,0.10384838,0.17308763
0.07674651592969894,0.4643990929705214,4.049470090772957,1.3118698679140965,154.20989372469634,1125.6243284181114,0.33153176,0.14107747,0.19840871,0.14608687,0.12838545,0.10582083
0.03328796476125717,0.5340589569160997,8.938948126975447,1.41136755928611,140.28439218381777,1288.2050956713865,0.4690091,0.13217044,0.12563586,0.1523874,0.10157052,0.05170441
0.04158998653292656,0.6501587301587298,2.0602936120703816,1.3248877218420434,143.50908619783561,1483.6356955295048,0.36189497,0.21707204,0.15941899,0.04098576,0.06192884,0.15716161
0.12509337067604065,0.696598639455782,8.139338929206133,1.4613326259275627,137.98014554940983,1398.3414985992717,0.54061824,0.23638691,0.0806547,0.06589839,0.09431062,0.04394273
0.10253989696502686,0.7430385487528338,14.698211406357586,1.252165413465252,142.7495921861519,1464.0593444438684,0.5782786,0.21250798,0.0997878,0.06013858,0.03665618,0.06161264
0.03409046307206154,0.7662585034013599,2.8827715385705233,1.1881005738282298,140.80446706568395,1160.8086866055783,0.6374545,0.22493921,0.05374527,0.06344506,0.08306377,0.02508324
0.08901290595531464,0.8126984126984121,14.348225930705667,1.334794400888749,140.10329482637812,1123.2150498340886,0.21383056,0.1577059,0.13197125,0.15045248,0.12695761,0.11883701
0.03482416272163391,0.9287981859410427,12.647322084754705,1.4570109683292445,144.72407595970927,1471.852348828732,0.27898487,0.2147694,0.259437,0.1494824,0.09999487,0.10110226
0.048578206449747086,0.9752380952380949,5.015642881393433,1.4772324088634095,129.8082853618421,1420.722165663266,0.38478392,0.17375454,0.20633425,0.12417839,0.09962685,0.04195042
0.1149645671248436,0.998458049886621,7.44947973638773,1.2876081130556296,143.3150333128903,1318.4210107839276,0.72250706,0.15402731,0.08118602,0.04128015,0.02902291,0.0247891,
0.07410535216331482,1.0448979591836731,2.7587322085164487,1.1992264369940748,154.66687359229732,1630.1982578543814,0.3607804,0.26734564,0.2216183,0.1449016,0.07345608,0.0281061,
0.03269992023706436,1.0681179138321992,9.251095347106457,1.3501227555783846,143.0240797556793,939.4921928563143,0.24390103,0.28815168,0.26247418,0.09004902,0.12649257,0.07869761
0.07498433440923691,1.137777777777778,9.774907357990742,1.4129894572791448,150.49649000417602,1556.8238195153167,0.2403385,0.33836767,0.28302923,0.14828093,0.0447533,0.04171739
0.04187348484992981,1.2074376417233559,7.555185966193676,1.5903622657518144,154.9937294407895,1622.029621536917,0.59987324,0.08860853,0.1057744,0.1125839,0.09499218,0.03368727
0.08639349788427353,1.253877551020408,2.9636720777489245,1.4540039133743679,139.1619492044064,1148.0753854122431,0.5487144,0.14639947,0.1436669,0.1122721,0.03719664,0.02776973
0.11263257265090942,1.323537414965986,12.065338794142008,1.3670707324394096,149.24509598132138,1092.6537380001657,0.34136406,0.3373074,0.3096635,0.10504197,0.04401081,0.00682131
0.1242104172706604,1.3699773242630382,7.0669107139110565,1.391402955729033,130.1393052313243,1365.818895360816,0.60873485,0.22202705,0.10608979,0.04977396,0.01478606,0.04343002
0.020797409117221832,1.4164172335600904,3.453263385221362,1.4725649658904978,141.13319897514398,1284.9124809341804,0.4199806,0.06711281,0.23479503,0.0976184,0.08117057,0.12288065
0.044408053159713745,1.5325170068027205,9.356175508350134,1.0026623259434908,148.18395785766407,1714.8740644805102,0.13261922,0.29723197,0.07242505,0.1327491,0.10182355,0.13489658
0.07498154044151306,1.5789569160997727,10.840140383224934,1.2554758874192802,160.6851254037478,1199.1303923080234,0.09817097,0.088204,0.22643553,0.2371816,0.16538423,0.19384634
0.031165137887001038,1.625396825396825,9.171018399298191,1.6630814416793316,148.2992452583431,1633.226612712979,0.5769116,0.19252892,0.09587805,0.10549403,0.03323177,0.03123115
0.039680417627096176,1.741496598639455,13.679943181574345,1.3918096056148554,155.13841221754356,1221.5955486990283,0.10036842,0.15796795,0.35897285,0.23404136,0.0892143,0.09653781
0.1272759735584259,1.7647165532879807,10.779991298913956,1.3041425886133888,148.89290807876338,1213.7933174609957,0.3276654,0.2674064,0.2484931,0.16450435,0.04628934,0.02697016
0.09425778687000275,1.8808163265306117,6.169749099761248,1.076758500074398,137.41812329977466,1491.496605328642,0.28041175,0.15786335,0.17793296,0.17780532,0.15386254,0.09202161
0.0297542791813612,1.9040362811791383,6.801129786297679,1.3814910630000528,140.02878289473685,1409.0213671085978,0.6942761,0.12686266,0.12719439,0.06611683,0.01244773,0.01619737
0.0988769382238388,1.9736961451247161,4.146439999341965,1.061939767004669,126.8201344568986,1403.5119750392093,0.28112677,0.29425105,0.35461652,0.11056741,0.03075785,0.02370606
0.025590436533093452,2.0665759637188206,5.160008519887924,1.3413043520972283,140.48526161595396,1448.7884753511557,0.17906298,0.37459567,0.46852532,0.08762706,0.02951467,0.03816936
0.05196503922343254,2.1362358276643993,6.613530661910772,1.1456164216651412,144.81529390713033,1019.3905336693698,0.58678323,0.07807434,0.14517733,0.10990747,0.07145866,0.02262626
0.11190575361251831,2.159455782312926,9.93571650236845,1.2083528895492939,146.94498038967615,1311.9302155947857,0.5674453,0.3428808,0.14321455,0.06174301,0.02083833,0.01381264
0.11783825606107712,2.1826757369614516,5.56918029487133,1.1271704699802447,144.30055193572878,1198.7958352470298,0.7935887,0.23902863,0.02262729,0.01805878,0.00490728,0.00269831
0.023724449798464775,2.205895691609978,21.430490062572062,1.2132841649361108,152.44237024064054,1103.576101940686,0.48129728,0.22409259,0.14682798,0.08761568,0.08455796,0.03331041
0.05322663486003876,2.229115646258504,9.764735995791852,1.347396821484483,144.15018685767674,1367.4180899650235,0.33523157,0.18721078,0.1275959,0.12189968,0.07485859,0.19172625
0.07824598997831345,2.321995464852608,6.029704995453358,1.2363028485793626,140.6487221659919,1302.4538262201045,0.3452882,0.43039203,0.188534,0.06794445,0.01629706,0.00949005
0.04018368199467659,2.3684353741496604,3.583260592073202,1.177688715069883,132.7864391598207,1219.9006982215108,0.738594,0.25149292,0.04022628,0.03720123,0.00757191,0.00470026
0.07931775599718094,2.461315192743765,11.5816679354175,1.1598617996271772,144.38156672685867,1553.479926631659,0.44441023,0.14043966,0.08035517,0.07016847,0.11251677,0.18465059
0.10975652188062668,2.507755102040816,15.129277609288692,1.342144561611748,151.82347976858665,1262.9217021491936,0.2095832,0.2532868,0.22482027,0.18782926,0.07443247,0.13649066
0.15817469358444214,2.6238548752834454,8.564654652029276,1.4145204594733982,143.7859786184211,1324.2022052740372,0.63133335,0.11336458,0.10431091,0.06484786,0.02849559,0.01761747
0.020161814987659454,2.6702947845804985,12.546795919537544,1.0860207233459926,144.71707363360326,1346.7569877469214,0.4652669,0.2591675,0.22497894,0.08391731,0.04546999,0.0299598,
0.027770554646849632,2.7167346938775516,5.397342160344124,1.404287060996913,136.0610508957841,1628.569378571455,0.20299907,0.10507699,0.11411935,0.11351248,0.12454809,0.36035156
0.05222420394420624,2.7631746031746047,15.880394570529461,1.449013797857472,141.41609402876898,1212.4278177542699,0.33907205,0.30426878,0.10495606,0.11747039,0.09657886,0.07326803
0.04164043813943863,2.809614512471658,8.50649742782116,1.45994094444997,140.0609246325221,1487.6114147778626,0.47723034,0.23866214,0.16817373,0.08584134,0.05438399,0.04429727
0.04866033419966698,2.856054421768709,4.4515333930030465,1.4190463764266268,148.33391974353398,1591.4258533921993,0.47211823,0.18075386,0.16895056,0.12769659,0.04154287,0.04187737
0.12648527324199677,2.8792743764172357,3.880863517522812,1.35852769943197,139.91684941520472,1972.7567341688382,0.5946765,0.105957,0.0960133,0.04568398,0.06300104,0.14683022
0.06348609179258347,2.995374149659865,12.855857047019526,1.3694456335721366,142.26084102985828,1254.8203175850279,0.29739642,0.04643044,0.21667711,0.24896201,0.17499773,0.04249644
0.022216197103261948,3.0418140589569163,11.265163194388151,1.659706226422386,143.28436514334808,1413.9582821027536,0.39774397,0.27028003,0.1427907,0.14527152,0.05079597,0.03242406
0.04149655997753143,3.111473922902494,12.812455996870995,1.4971681828731054,140.13374096756007,1525.6822095553503,0.38397658,0.33149242,0.15988436,0.06114873,0.05880458,0.06351032
0.08998038619756699,3.227573696145125,10.034598119556904,1.5718982588672177,153.17058376994524,1687.687573039763,0.6383998,0.12802565,0.08354299,0.05171773,0.04645992,0.08706609
0.034603167325258255,3.2740136054421765,5.826553002931178,1.4216798603250391,135.27178382437071,1570.0729782678823,0.5851428,0.10605834,0.10277727,0.05483834,0.04935072,0.13267526
0.06539568305015564,3.297233560090703,11.58152088522911,1.423346829993165,143.26139114947188,1357.5047375696604,0.37863147,0.47215894,0.1245445,0.03226503,0.04244706,0.0130322,
0.13920563459396362,3.343673469387756,3.6371531561017036,1.3646521510843985,146.00299474374307,1557.7234858235627,0.7057182,0.04091454,0.0316673,0.04604048,0.09749404,0.09568145
0.06859900057315826,3.4133333333333358,16.068583607673645,1.6790840674768552,141.193130861477,1570.2447601419,0.47848544,0.29091713,0.10631421,0.05821141,0.05049338,0.03799864
0.03971119970083237,3.4365532879818605,6.0570321548730135,1.3604451403819882,147.8506729187753,1258.2874729468224,0.4463376,0.10024452,0.08579271,0.19720122,0.11885797,0.06700417
0.07228975743055344,3.4829931972789137,4.028940174728632,1.6542814014548277,139.40622430098688,1570.548908749723,0.5065206,0.29372972,0.20549086,0.04943503,0.02835809,0.02856277
0.04607466980814934,3.575873015873018,10.976563706888555,1.3478560672007471,140.54882960763538,1029.4619454267743,0.41453862,0.34276286,0.18810764,0.08316515,0.03257469,0.01404162
0.06517891585826874,3.599092970521543,12.111906008794904,1.6497165968837846,140.7563505116959,1800.3983690204466,0.4125508,0.18320951,0.11400306,0.10110494,0.08193293,0.12920806
0.08642639219760895,3.6223129251700676,4.3222017250955105,1.2987188009200294,153.9171031948684,1526.6596116595576,0.273105,0.30181447,0.22684589,0.15754274,0.04949179,0.04576712
0.11749240756034851,3.668752834467119,12.650446183979511,1.6686619229527555,142.2416216824112,1755.5749488123156,0.06856428,0.10236093,0.28959003,0.2535886,0.16773449,0.13266571
0.02450336515903473,3.7151927437641703,6.862601652741432,1.356917920882468,158.34412376200194,1272.904466580839,0.33523712,0.12324928,0.10351069,0.21543662,0.1527314,0.09007179
0.05465972051024437,3.7616326530612216,13.90585532784462,1.2183564313880537,145.3998103754285,1461.7301568329972,0.4562493,0.09767099,0.26354346,0.08521327,0.04311936,0.09688467
0.07499659806489944,3.784852607709748,11.040811518207192,1.5862904608659285,140.3392557278248,1451.6718662032863,0.32405695,0.28770292,0.2608845,0.13314773,0.04077605,0.07891018
0.0431281179189682,3.8312925170067995,9.510578044253634,1.2721618062671525,141.28975170080741,1316.2427318057287,0.8269404,0.07405355,0.04970649,0.03842023,0.01796202,0.00827891
0.054132748395204544,3.9009523809523774,16.250168265774846,1.0543951805029728,109.45134720089348,617.0985500452296,0.5372599,0.35661152,0.09843051,0.02719846,0.06779204,0.01484487
0.08105737715959549,3.924172335600904,3.2076765531674027,1.2742087939629914,141.46865447235515,1448.790832221266,0.34832,0.13422659,0.2786326,0.15576866,0.06860065,0.02773241
0.03714882582426071,3.970612244897957,14.085579957347363,1.1469863308605401,146.46065283400816,1705.1920677082123,0.37675247,0.2691976,0.14372061,0.11427594,0.08477964,0.10020394
0.07524047791957855,3.9938321995464836,5.284813266247511,1.3240957592045746,147.7155974496345,1605.5058016965152,0.3277106,0.01257301,0.1526896,0.26974845,0.17027415,0.08607662
0.02846449986100197,4.040272108843535,8.373107492923737,1.2324176128880562,141.74717706224695,861.3234059028288,0.2705856,0.17209077,0.2527161,0.26056328,0.06489781,0.01795417
0.05760331451892853,4.086712018140586,8.606816343963146,1.2168168339355985,151.16181886441655,1128.4811106193554,0.6458629,0.30446422,0.0646805,0.01468608,0.00374198,0.01483762
0.11712662130594254,4.109931972789113,4.542328301817179,1.2831230824986886,150.4758103599122,1717.931067207102,0.482555,0.07015734,0.24417517,0.05029729,0.04124473,0.1292123,
0.06750557571649551,4.156371882086164,7.5791013445705175,1.216263461698245,142.01291144779015,1064.8911239679833,0.65710837,0.26198056,0.081256,0.02099765,0.009907,0.02043899
0.03719336539506912,4.202811791383217,6.465471490286291,1.3589541515921986,140.66985645933016,986.403345438291,0.59289104,0.10169055,0.11667772,0.16546592,0.06274679,0.00791127
0.0878966674208641,4.226031746031744,15.936130514368415,1.0205064914288633,140.7317497469636,800.136627163151,0.74227804,0.21065599,0.02824756,0.01925989,0.00422206,0.00179104
0.04332616180181503,4.3189115646258465,13.23037497792393,1.3084348461827529,146.14314438551884,1627.0869914709956,0.16593975,0.09427796,0.24926394,0.3183683,0.09635662,0.12499721
0.05044461414217949,4.388571428571424,4.432260174304247,1.3240300389685067,138.64663924799618,1819.242702311293,0.23579475,0.26282063,0.25192195,0.09722593,0.04380876,0.16248564
0.09175314009189606,4.4350113378684775,7.549519693188131,1.437797103881141,136.31661420579312,1389.0145083416949,0.44055146,0.39346406,0.13572712,0.08654617,0.04427373,0.05259884
0.07183998078107834,4.481451247165529,16.336977435450535,1.1894749191624001,146.97024619900532,1189.3111772182262,0.44029498,0.12699448,0.07341491,0.17325984,0.16748254,0.05485959
0.04108235612511635,4.504671201814055,9.321619480848312,1.231821127352815,159.6040706814907,1043.2207403339419,0.75967246,0.16216889,0.07730269,0.02224723,0.00886014,0.00345889
0.0687873363494873,4.574331065759633,13.185972165316343,1.3911683889616695,141.35831835220316,1583.2274156583426,0.37299526,0.16437854,0.15733516,0.14982843,0.09788588,0.08849026
0.04061969369649887,4.597551020408158,1.4723664354532957,1.436573814818609,139.61347201575154,999.1634941588808,0.33981332,0.07341622,0.11512498,0.07424008,0.34250796,0.07834516
0.047608692198991776,4.667210884353736,9.40141523256898,1.2504603958187828,141.07960668103448,1238.4556103157797,0.43013972,0.39609098,0.17143272,0.02834011,0.01401371,0.03785298
0.10449827462434769,4.713650793650789,2.763427760452032,1.3645111828430376,138.19271275466895,1243.167819728487,0.48901832,0.08042379,0.06927303,0.12291873,0.12816527,0.12916712
0.07326195389032364,4.760090702947842,11.735889032483101,1.2835635753897958,148.24841247544063,1118.800408928245,0.14069523,0.33096018,0.33272824,0.13518436,0.09459545,0.04101536
0.041471827775239944,4.78331065759637,17.433102622628212,1.232675469205126,154.24762983424765,1083.8265107289758,0.09217311,0.5242444,0.1865131,0.14900775,0.07700792,0.01582596
0.07826350629329681,4.876190476190473,2.7750561460852623,1.4700413983156388,139.7769325657895,1658.0340152887293,0.79713786,0.10799543,0.04687195,0.03090641,0.02392618,0.0533152,
0.03905772417783737,4.969070294784576,1.7324288245290518,1.2374438902771272,138.1862989092798,1317.927143015966,0.40976006,0.22899403,0.15669002,0.08830963,0.10180758,0.09679256
0.14398525655269623,5.015510204081629,6.075238525867462,0.9949107198479329,164.97345513587297,1096.544032377863,0.41383946,0.28824306,0.2065571,0.10846461,0.02599767,0.02263103
0.07713353633880615,5.061950113378682,4.19562366604805,1.0522912521425023,129.09194263413588,1389.0417332631982,0.41997957,0.4101252,0.1292108,0.02537178,0.0158288,0.0269955,
0.026693088933825493,5.085170068027207,5.402490076608956,1.3190630594132087,130.75109649122814,1381.4285566395313,0.51691633,0.21990176,0.10069187,0.05296715,0.07528849,0.12486184
0.06605949997901917,5.13160997732426,10.644060671329498,1.1854538353402233,156.23937444648283,1301.347301304441,0.27721116,0.72023493,0.08813659,0.01839089,0.00971684,0.02028992
0.03699242323637009,5.178049886621309,5.925967566668987,1.4507034602272697,140.0533536585366,1237.6389802223598,0.6475253,0.3222866,0.02744875,0.04469432,0.06022413,0.11255736
0.06469196081161499,5.247709750566887,12.859410561155528,1.1210174840321232,139.37812845049692,1519.0821718766304,0.4235602,0.2761924,0.21204925,0.02501042,0.01962301,0.13447478
0.11256150156259537,5.29414965986394,1.9721044301986694,1.350258015284992,138.69109381171623,870.9441353224469,0.3997876,0.22871143,0.13757826,0.01210195,0.01162913,0.02653387
0.0851028710603714,5.3405895691609935,16.409161671996117,0.8896183386552354,122.52240374594143,1135.3951386721458,0.22375095,0.7547326,0.01585575,0.00657005,0.00185058,0.00530866
0.023516634479165077,5.363809523809518,6.293239653110504,1.4323959269958855,142.43422114574273,1050.5744851179124,0.08220057,0.31386122,0.31746387,0.09682018,0.06419557,0.03724442
0.03660339489579201,5.456689342403621,2.3038148786872625,1.2838784132624002,141.80125756964944,1020.6187349532388,0.46980247,0.43958542,0.0881635,0.01845671,0.00914917,0.00616519
0.07744678854942322,5.503129251700674i,4.415399877354503,1.2705002767259501,127.28885405244883,959.5291576458541,0.2561932,0.18718198,0.11893954,0.24498989,0.12392638,0.02051274
0.042514242231845856,5.572789115646252,13.676492936909199,1.1441253100791728,142.3175765435223,1604.5764553945176,0.50877357,0.34316933,0.13867754,0.0389359,0.01871194,0.04606589
0.06158755347132683,5.59600907029478,11.473736986517906,1.4081668915947512,140.0180658594625,1313.0515233318124,0.28976992,0.21306768,0.17325683,0.10458619,0.1320966,0.11498997
0.11162891983985901,5.619229024943309,2.914172629825771,1.3733036511214154,144.77668317891627,1050.4626938902204,0.25647447,0.16898036,0.33191398,0.14964004,0.08700786,0.05074032
0.14758512377738953,5.758548752834464,10.686497639864683,1.087179446801698,140.4812597569135,1158.8072136401454,0.5423261,0.22694588,0.11802787,0.04953486,0.04835679,0.08083979
0.027847886085510254,5.804988662131517,2.7602428514510393,1.2875317297394877,140.54184623729438,1360.6830006938542,0.3967887,0.22408502,0.10524549,0.08033638,0.13753524,0.11705309
0.07818441092967987,5.874648526077095,10.619722343981266,1.3059278060218915,153.80611269052162,1151.0575208199195,0.28826964,0.34982133,0.19175336,0.08642439,0.03824789,0.05689506
0.07839696109294891,5.921088435374148,8.75736729055643,1.5043624300326495,140.91025904605263,1920.8293578097112,0.3648583,0.25222448,0.22838633,0.08992215,0.04030304,0.06624066
0.03435051441192627,5.944308390022677,3.7266608960926533,1.221754094766292,163.6315374025929,1182.6898687826704,0.3440059,0.1695695,0.18691501,0.12723589,0.07994935,0.11368217
0.04936164990067482,5.990748299319726,8.71717737801373,1.2495512195497562,136.47973028129846,1485.4282441615749,0.5639686,0.15198398,0.0836143,0.04911058,0.11247981,0.06970312
0.09541501104831696,6.013968253968251,0.025084803251957055,1.286798144905042,132.08221758378778,1093.9440263427057,0.50776917,0.39974704,0.12752771,0.05219995,0.03857288,0.04380431
0.06643421202898026,6.060408163265301,20.33668238017708,1.0364529211816977,140.97242463357762,1072.9977836302805,0.71592647,0.1552779,0.04669157,0.03870378,0.01501884,0.02612044
