0.02764268
0.00344009
0.19078111 * average_beat_spectrum
0.0256872
0.04966973
0.01954149
0.05025749
0.0515294
0.02174497
0.0153242
0.01967623
0.06848649* beats_loudness_band_ratio6
0.01375575
0.02994768
0.00487466
0.0160189
0.01414682
0.04211273
0.03976162
0.05933491
0.05105779
0.01298972
0.02400144
0.01941997
0.03844885
0.00730861
0.02959365
0.05670653
0.02995747
0.05930246
0.05799667
0.02667501
0.01943459
0.
0.04124822
0.03976243
0.01783415
0.01594415
0.01977792
0.01003576
0.01517851
0.01575005
0.00274964
0.0161339
0.03372207
0.
0.03583701
0.01523028
0.02673035
0.04610355
0.03861836
0.0087296
0.01498501
0.02679825
0.02146608
0.03431775
0.00082888
0.05487112
0.03130824
0.0231219
0.00501858
0.01504257
0.0143015
0.03798139
0.02720292
0.02768063
0.01484645
0.02732502
0.07017177* interval_onset
0.05448059
0.01648445
0.05250984
0.03997426
0.03072135
0.07781253* low_energy
0.07068309* magnitude
0.02799603
0.06417742
0.11046307* mfcc
0.06045997
0.07821848* percussiviness
0.10726499* power_spectrum
0.1905954* regularity_strength
0.05643886
0.00304036
0.03253376
0.04129073
0.05208709
0.02131352
0.09797792* spectral_energy
0.03570472
0.03150672
0.
0.
0.02880203
0.05152411
0.06689721
0.06759973
0.03567439
0.01904894
0.04795791
0.0478376
