0.4490612490104778
0.595899863893889
0.35174839871129415
0.34548859235295676
0.7292500316076845
0.2977083031663272
0.8819765552153015
0.8646772410061094
0.10710379734459351
1.0
0.35771130547793273
0.054147490094185846
0.1208340820649747
0.06676018284021458
0.6031716294623934
0.27077132016214084
0.5804524328792633
0.7430521666597634
0.6981502211820368
0.2959206010590975
0.0483810726487069
0.8322873356013197
0.9564723112925553
0.6179988323381521
0.878802421976078
0.7050000607825467
0.827116245423463
0.8303519914020606
0.7299722108406997
0.9294297499231559
0.7788555520404248
0.326986876106489
0.14680698996540403
0.2741087312881264
1.0
0.5653641361284704
0.957504839787271
0.2972278005688406
0.04434139468020203
0.9883314690927911
0.5723691516563603
0.8631353730120863
0.03158537589981103
1.0
0.4684450432955822
0.9029761665264076
0.5211033449212975
0.8180343569063835
0.6384502890852375
1.0
1.0
0.03685087493040879
0.17777778584561052
0.4356414035075603
0.547257682950856
0.7007624769587627
0.21095112387365797
0.4518530187219967
0.4569072542895557
0.4203576243024961
0.7614472408068718
0.41531530473494144
0.18387830196802885
0.8120058296571913
1.0
0.2322197741934025
0.14008871981670842
0.9473504783683958
0.07777880047752807
0.2310268025617833
1.0
0.40225025696257133
0.15068001091601654
0.3863843937584316
1.0
0.21454928786868238
0.18359238776117737
0.04908637773163449
1.0
0.3447681454982297
0.7798747193618919
0.3010913428775626
0.6006036681735718
0.5254178569261657
0.17116909942637973
0.2959806753262612
1.0
0.4854127588890088
0.23798707302514888
0.17530389929674656
0.29559478661117683
0.39933509331864775
0.3658201720273179
0.30931779314122
1.0
0.19355819976571542
0.43435834040796256
0.6617813622627967
0.14762658243362625
1.0
