19.988573585082165
19.396319781513746
16.593020178963883
19.460549219537896
19.11346574614352
17.520571649884698
18.251565385596273
16.824959535509322
18.340813924091396
17.9230960434154
17.787934972340253
18.986496546996744
19.47420243497331
17.160891143865587
15.81498912950208
18.551741630677935
17.869698416250507
18.00002921008128
18.742986952659308
17.61471559873924
17.253560965243572
15.98054796533059
18.004762782576986
18.507583075090686
19.070042252037616
17.668112997627162
17.1989113099825
16.044952859219975
17.947093488312284
17.182064182430725
18.13009082606073
16.63816509008032
19.713786574179267
18.791977549055925
17.44513848801003
19.34695942194775
18.171402444236996
18.73193611864896
17.736463741826572
17.907401709789564
17.06123972510804
17.584111447966404
17.816015826167064
22.27116011488961
17.63873275994288
16.15458425826593
17.68485596310079
17.85247433391982
18.660704964649945
18.050491081651383
18.542834386128256
21.58461877368113
19.386801640838396
17.357226824325085
18.18900981519981
19.010040825268035
17.209067978456385
19.902532921380732
20.343463174865818
18.680990195396333
20.55022122782963
13.65436122189501
17.26787670427078
20.810907271377463
18.17065496562649
16.711901705401033
20.04392208268321
21.480089007696925
21.377380083227173
20.897303488938498
19.959375481974597
18.670662450123128
20.237502755105755
18.529513554951937
19.089531885746524
19.176161521891608
20.699905133986917
18.35682434104601
18.735521817189095
18.78323167327126
19.951721998064052
19.693202668310906
17.302100276763404
21.386375008684105
18.220264378977056
18.24012839805623
19.107097402934322
20.752832792377102
19.085715299302834
19.51720946346265
19.259946291177076
19.33352340901001
19.19062880227943
18.40133436958726
18.71303641785739
20.600695197449706
20.88988924365501
20.591414572539406
17.86654157588215
17.247192674713833